business_name,search_category,primary_category,all_categories,pincode,circle,region,division,major_offices,phone_number,website,rating,reviews_count,address,area,latitude,longitude,place_id,place_url,part_id,crawled_at,s_no
ANDROMEDA SALES AND DISTRIBUTION PVT.LTD.,Home Loan DSA and Loan Consultant,Loan agency,"Loan agency, Financial consultant, Insurance agency",802162,Bihar circle,Patna HQ Region,Bhojpur Division,"Kawara BO, Masarh BO, Saneya Barhata BO",+91 81144 07682,http://www.andromedaloans.com/,4.7,33.0,"601, 6TH FLOOR, Exhibition Rd, Old Jakkanpur, Lodipur, Patna, Bihar 800001","Old Jakkanpur, Lodipur",25.609330699999997,85.1419571,ChIJFZXLptpZ7TkRKF3bYaCTAT0,https://www.google.com/maps/place/?q=place_id:ChIJFZXLptpZ7TkRKF3bYaCTAT0,part_377,2026-09-20 20:19:32,4314
Trustkey Finance Co.,Home Loan DSA and Loan Consultant,Financial consultant,Financial consultant,802162,Bihar circle,Patna HQ Region,Bhojpur Division,"Kawara BO, Masarh BO, Saneya Barhata BO",+91 90310 06356,https://trustkeyfinance.in/,5.0,4.0,"No.11A, Shanti Villa, H.No. 266A Road, Patliputra Colony, Patna, Bihar 800013","Gosain Tola, Patliputra Colony",25.629903499999998,85.1136023,ChIJL0xg-QNZ7TkRPfGsOD6RMMU,https://www.google.com/maps/place/?q=place_id:ChIJL0xg-QNZ7TkRPfGsOD6RMMU,part_377,2026-09-20 20:19:32,4315
LOAN SERVICE POINT,Home Loan DSA and Loan Consultant,Loan agency,Loan agency,802162,Bihar circle,Patna HQ Region,Bhojpur Division,"Kawara BO, Masarh BO, Saneya Barhata BO",+91 70041 80028,http://www.loanservicepoint.com/,5.0,163.0,"SARAI MORE, near FAIZ HOSPITAL, M.m Colony, Fathepur, Siwan, Bihar 841226","M.m Colony, Fathepur",26.219589,84.3629165,ChIJVXOnxWjjrEgRMF_d14TFNHk,https://www.google.com/maps/place/?q=place_id:ChIJVXOnxWjjrEgRMF_d14TFNHk,part_377,2026-09-20 20:19:32,4316
Best Home Loan,Home Loan DSA and Loan Consultant,Loan agency,"Loan agency, Service establishment",802162,Bihar circle,Patna HQ Region,Bhojpur Division,"Kawara BO, Masarh BO, Saneya Barhata BO",+91 1860 419 5555,N/A,4.8,26.0,"Best Home Loan, 802162, India",802162,12.9461718,77.58138799999999,ChIJR19XtGgVrjsR19N0--2jPNQ,https://www.google.com/maps/place/?q=place_id:ChIJR19XtGgVrjsR19N0--2jPNQ,part_377,2026-09-20 20:19:32,4317
LoanBroker.in | Trusted Mortgage Broker & Home Loan Services in Noida,Home Loan DSA and Loan Consultant,Loan agency,"Loan agency, Finance broker, Financial consultant, Mortgage broker",802162,Bihar circle,Patna HQ Region,Bhojpur Division,"Kawara BO, Masarh BO, Saneya Barhata BO",+91 97161 47452,https://infinitycredit.loans/,4.8,31.0,"7th floor, 708B, Sector 18, Noida, Uttar Pradesh 201301","D Block, Pocket D, Sector 18",28.5718978,77.3244658,ChIJwfUR7uHlDDkRvUmdfGl2d-s,https://www.google.com/maps/place/?q=place_id:ChIJwfUR7uHlDDkRvUmdfGl2d-s,part_377,2026-09-20 20:19:32,4318
LOANSI CONSULTANTS PVT. LTD,Home Loan DSA and Loan Consultant,Financial institution,"Financial institution, Service establishment",802162,Bihar circle,Patna HQ Region,Bhojpur Division,"Kawara BO, Masarh BO, Saneya Barhata BO",N/A,https://www.loansi.net/,5.0,123.0,"LOANSI CONSULTANTS PVT. LTD, 802162, India",802162,21.0680074,82.7525294,ChIJQX32KXywbKgRg76NEFhxEis,https://www.google.com/maps/place/?q=place_id:ChIJQX32KXywbKgRg76NEFhxEis,part_377,2026-09-20 20:19:32,4319
DDR Associates (Home Loans & Personal Loans),Home Loan DSA and Loan Consultant,Loan agency,"Loan agency, Service establishment",802162,Bihar circle,Patna HQ Region,Bhojpur Division,"Kawara BO, Masarh BO, Saneya Barhata BO",+91 97041 27774,http://www.ddrassociates.in/,4.6,25.0,"DDR Associates (Home Loans & Personal Loans), 802162, India",802162,17.4360887,78.4183788,ChIJ-xrRLhVvfycRr3_JIFpYTA0,https://www.google.com/maps/place/?q=place_id:ChIJ-xrRLhVvfycRr3_JIFpYTA0,part_377,2026-09-20 20:19:32,4320
PHOENIX FINANCIAL SERVICES,Home Loan DSA and Loan Consultant,Financial planner,Financial planner,802162,Bihar circle,Patna HQ Region,Bhojpur Division,"Kawara BO, Masarh BO, Saneya Barhata BO",+91 86708 43143,N/A,5.0,12.0,"2nd floor, ofTARA MAA WEIGH BRIDGE, Nh2, chati, CHATTI, beside THE PAVILLION MULTI CUISINE RESTAURANT, opposite HPCL DEPOIT, Rajbandh, Durgapur, West Bengal 713212",802162,23.4875069,87.38399179999999,ChIJA1O7AAl79zkRCLwTuRkyIh8,https://www.google.com/maps/place/?q=place_id:ChIJA1O7AAl79zkRCLwTuRkyIh8,part_377,2026-09-20 20:19:32,4321
ConsultBro- Best Financial Consultant In Mumbai,Home Loan DSA and Loan Consultant,Financial consultant,"Financial consultant, Service establishment",802162,Bihar circle,Patna HQ Region,Bhojpur Division,"Kawara BO, Masarh BO, Saneya Barhata BO",+91 89764 44323,https://consultbro.com/,5.0,57.0,"ConsultBro- Best Financial Consultant In Mumbai, 802162, India",802162,19.0815074,72.8783527,ChIJJ3U7AsmSTSARCRGTB664N70,https://www.google.com/maps/place/?q=place_id:ChIJJ3U7AsmSTSARCRGTB664N70,part_377,2026-09-20 20:19:32,4322
Subhash Dhanawade - Loan Consultant,Home Loan DSA and Loan Consultant,Loan agency,"Loan agency, Service establishment",802162,Bihar circle,Patna HQ Region,Bhojpur Division,"Kawara BO, Masarh BO, Saneya Barhata BO",N/A,https://subhashdhanawade.com/,5.0,1.0,"Subhash Dhanawade - Loan Consultant, 802162, India",802162,19.0815074,72.8783527,ChIJo4_APGL7RAcRMD-Z1G-aVNU,https://www.google.com/maps/place/?q=place_id:ChIJo4_APGL7RAcRMD-Z1G-aVNU,part_377,2026-09-20 20:19:32,4323
Paisaconsultants for Home loan | Mortgage loan | Business Working Capital,Home Loan DSA and Loan Consultant,Loan agency,"Loan agency, Service establishment, Finance broker, Insurance agency",802162,Bihar circle,Patna HQ Region,Bhojpur Division,"Kawara BO, Masarh BO, Saneya Barhata BO",+91 87678 89288,N/A,5.0,3.0,"Paisaconsultants for Home loan | Mortgage loan | Business Working Capital, 802162, India",802162,19.0999296,72.9255355,ChIJNY_qZD2w5zsRik16_0SW60M,https://www.google.com/maps/place/?q=place_id:ChIJNY_qZD2w5zsRik16_0SW60M,part_377,2026-09-20 20:19:32,4324
"Wishfin - Personal Loan, Credit Card, CIBIL Score",Home Loan DSA and Loan Consultant,Financial consultant,"Financial consultant, Service establishment",802162,Bihar circle,Patna HQ Region,Bhojpur Division,"Kawara BO, Masarh BO, Saneya Barhata BO",+91 93554 32723,https://www.wishfin.com/,1.0,1.0,"Wishfin - Personal Loan, Credit Card, CIBIL Score, 802162, India",802162,21.0680074,82.7525294,ChIJM0xTLXEcdQkR7503VzJH86w,https://www.google.com/maps/place/?q=place_id:ChIJM0xTLXEcdQkR7503VzJH86w,part_377,2026-09-20 20:19:32,4325
"QUICK PERSONAL LOAN, HOME LOAN, BALANCE TRASFER OF HOME LOAN, BUSNESS LOAN",Home Loan DSA and Loan Consultant,Loan agency,"Loan agency, Corporate office, Service establishment",802162,Bihar circle,Patna HQ Region,Bhojpur Division,"Kawara BO, Masarh BO, Saneya Barhata BO",+91 77770 31133,N/A,3.7,3.0,"QUICK PERSONAL LOAN, HOME LOAN, BALANCE TRASFER OF HOME LOAN, BUSNESS LOAN, 802162, India",802162,21.0680074,82.7525294,ChIJ2741HivI5zsR0G8QlE2mMug,https://www.google.com/maps/place/?q=place_id:ChIJ2741HivI5zsR0G8QlE2mMug,part_377,2026-09-20 20:19:32,4326
Housing Financial Services - Home Loan & Personal Loan Service (Lowest Interest Rates),Home Loan DSA and Loan Consultant,Loan agency,Loan agency,802162,Bihar circle,Patna HQ Region,Bhojpur Division,"Kawara BO, Masarh BO, Saneya Barhata BO",+91 72083 46686,N/A,4.9,53.0,"Om Sai Krupa, 709, AK Marg, opp. Prakashgad, D Block BKC, Kherwadi, Bandra East, Mumbai, Maharashtra 400051","D Block BKC, Kherwadi, Bandra East",19.0557904,72.8450524,ChIJrf7xbSLJ5zsRSNCNvIZkpdY,https://www.google.com/maps/place/?q=place_id:ChIJrf7xbSLJ5zsRSNCNvIZkpdY,part_377,2026-09-20 20:19:32,4327
Home Loan Services Sdg Tradecom,Home Loan DSA and Loan Consultant,Loan agency,"Loan agency, Financial consultant, Real estate consultant",802162,Bihar circle,Patna HQ Region,Bhojpur Division,"Kawara BO, Masarh BO, Saneya Barhata BO",+91 98305 02619,https://www.facebook.com/InfoPartnerFinance,4.9,190.0,"9, 1D, Dr. Suresh Sarkar Rd, Entally, Kolkata, West Bengal 700014",Entally,22.557897999999998,88.368312,ChIJdz0GWPl2AjoRjDnkvtOksqM,https://www.google.com/maps/place/?q=place_id:ChIJdz0GWPl2AjoRjDnkvtOksqM,part_377,2026-09-20 20:19:32,4328
FINAID SOLUTIONS | MORTGAGE LOAN IN KOLKATA | HOME IN KOLKATA | BUSINESS LOAN IN KOLKATA | PERSONAL LOAN IN KOLKATA,Home Loan DSA and Loan Consultant,Loan agency,Loan agency,802162,Bihar circle,Patna HQ Region,Bhojpur Division,"Kawara BO, Masarh BO, Saneya Barhata BO",+91 78901 11339,http://www.finaid.in/,4.7,60.0,"4th Floor, 83, Shyama Prasad Mukherjee Rd, Bakul Bagan, Kalighat, Kolkata, West Bengal 700026","Bakul Bagan, Kalighat",22.5259385,88.3468529,ChIJ_wvRvA5xAjoRCx-djsYyhV0,https://www.google.com/maps/place/?q=place_id:ChIJ_wvRvA5xAjoRCx-djsYyhV0,part_377,2026-09-20 20:19:32,4329
DREAM HOME FINANCIAL SERVICES,Home Loan DSA and Loan Consultant,Financial consultant,Financial consultant,802162,Bihar circle,Patna HQ Region,Bhojpur Division,"Kawara BO, Masarh BO, Saneya Barhata BO",+91 73832 14727,http://www.thedhfs.com/,5.0,65.0,"502, Poonam arcade, above asopalav show room, Nava Vadaj, Ahmedabad, Gujarat 380013","Bhimjipura, Nava Vadaj",23.063652599999998,72.5658875,ChIJDa16O-6DXjkR7hHqLMw-nXk,https://www.google.com/maps/place/?q=place_id:ChIJDa16O-6DXjkR7hHqLMw-nXk,part_377,2026-09-20 20:19:32,4330
LoanBroker.in,Home Loan DSA and Loan Consultant,Loan agency,"Loan agency, Finance broker, Financial consultant, Financial institution, Mortgage broker, Mortgage lender",802162,Bihar circle,Patna HQ Region,Bhojpur Division,"Kawara BO, Masarh BO, Saneya Barhata BO",+91 97161 47450,N/A,5.0,60.0,"Metro Station, 16-C, 16th Floor Atma Ram House 1, Tolstoy Road, near Barakhamba Road, New Delhi, Delhi 110001",Barakhamba,28.628257899999998,77.2252245,ChIJAQD8uDP9DDkR0f4hXXXqsrg,https://www.google.com/maps/place/?q=place_id:ChIJAQD8uDP9DDkR0f4hXXXqsrg,part_377,2026-09-20 20:19:32,4331
Business Loan and Private Funding in Mumbai Delhi Pune ( YFS ) KETAN VERMA,Home Loan DSA and Loan Consultant,Loan agency,"Loan agency, Bank, Business banking service, Car finance and loan company, Cooperative bank, Finance broker, Financial planner, Investment company, Private Sector Bank, Public Sector Bank",802162,Bihar circle,Patna HQ Region,Bhojpur Division,"Kawara BO, Masarh BO, Saneya Barhata BO",+91 99201 93931,https://yashikafinancialservices.com/,4.9,73.0,"Shantinath Empress chs, Poonam Sagar Rd, Poonam Sagar Complex, Mira Road East, Mira Bhayandar, Maharashtra 401107","Poonam Sagar Complex, Mira Road East",19.271851299999998,72.8619775,ChIJc8_F7Xmx5zsRB2Uv-pTD3Zw,https://www.google.com/maps/place/?q=place_id:ChIJc8_F7Xmx5zsRB2Uv-pTD3Zw,part_377,2026-09-20 20:19:32,4332
FinGoal Solutions,Home Loan DSA and Loan Consultant,Financial planner,"Financial planner, Financial consultant",802162,Bihar circle,Patna HQ Region,Bhojpur Division,"Kawara BO, Masarh BO, Saneya Barhata BO",+91 79033 91254,http://fingoalsolutions.in/,4.9,40.0,"K-160, P C Colony Rd, Kankarbagh, Hanuman Nagar, Patna, Bihar 800026","Kankarbagh, Hanuman Nagar",25.5914447,85.1615502,ChIJkVdVwJRZ7TkREdQufy0eNeo,https://www.google.com/maps/place/?q=place_id:ChIJkVdVwJRZ7TkREdQufy0eNeo,part_377,2026-09-20 20:19:32,4333
LoanTrust | Personal Loan | Home Loan | Business Loan | Credit card,Home Loan DSA and Loan Consultant,Loan agency,Loan agency,802162,Bihar circle,Patna HQ Region,Bhojpur Division,"Kawara BO, Masarh BO, Saneya Barhata BO",+91 70198 63505,https://www.loantrust.in/,4.7,,"VJRF+4R4 JMJ complex, 1370/1, Begur Rd, Maruthi Layout, Mico Layout, Devarachikkana Halli, Bengaluru, Karnataka 560114","Maruthi Layout, Mico Layout, Devarachikkana Halli",12.8889464,77.6257165,ChIJIwpkGV0VrjsRUcdyfnLMhQI,https://www.google.com/maps/place/?q=place_id:ChIJIwpkGV0VrjsRUcdyfnLMhQI,part_377,2026-09-20 20:19:33,4334
Credit Dharma(now Brickso) | Homes & Loans Advisors,Home Loan DSA and Loan Consultant,Real estate consultant,"Real estate consultant, Mortgage broker",802162,Bihar circle,Patna HQ Region,Bhojpur Division,"Kawara BO, Masarh BO, Saneya Barhata BO",N/A,https://creditdharma.in/,4.0,,"1st Floor, Enzyme Office Spaces , 27th Main, 480/B, 18th Cross Rd, HSR Layout, Bengaluru, Karnataka 560102","Parangi Palaya, Sector 2, HSR Layout",12.9114443,77.6515392,ChIJoU-dOPIVrjsR-ZIkzfJJ-cQ,https://www.google.com/maps/place/?q=place_id:ChIJoU-dOPIVrjsR-ZIkzfJJ-cQ,part_377,2026-09-20 20:19:33,4335
Home loans,Home Loan DSA and Loan Consultant,Financial consultant,"Financial consultant, Loan agency",802162,Bihar circle,Patna HQ Region,Bhojpur Division,"Kawara BO, Masarh BO, Saneya Barhata BO",+91 89197 64838,N/A,1.0,,"SRAVANTHI TOWERS, Hno 14-65, State Bank of India Rd, HUDA Colony, Chanda Nagar, Hyderabad, Telangana 500050","HUDA Colony, Chanda Nagar",17.488258599999998,78.3278419,ChIJZbNOwcONyzsRzv5EICL0X8M,https://www.google.com/maps/place/?q=place_id:ChIJZbNOwcONyzsRzv5EICL0X8M,part_377,2026-09-20 20:19:33,4336
R Soumya,Home Loan DSA and Loan Consultant,Loan agency,"Loan agency, Service establishment",802162,Bihar circle,Patna HQ Region,Bhojpur Division,"Kawara BO, Masarh BO, Saneya Barhata BO",+91 98444 11795,N/A,4.9,,"R Soumya, 802162, India",802162,12.987976999999999,77.6219718,ChIJ4e8JEvMXrjsRRvMfrwGVfIs,https://www.google.com/maps/place/?q=place_id:ChIJ4e8JEvMXrjsRRvMfrwGVfIs,part_377,2026-09-20 20:19:33,4337
MORTGAGE LOAN/LOAN AGAINST PROPERTY/LAP LOAN,Home Loan DSA and Loan Consultant,Loan agency,"Loan agency, Bank, Credit counseling service, Finance broker, Financial consultant, Financial institution, Financial planner, Mortgage broker, Mortgage lender",802162,Bihar circle,Patna HQ Region,Bhojpur Division,"Kawara BO, Masarh BO, Saneya Barhata BO",+91 99110 80404,https://www.mortgageloansdelhincr.in/,5.0,,"1018B /9 first floor Govind puri, Kalkaji, Delhi, 110019","Govindpuri, Kalkaji",28.5353064,77.2625826,ChIJnzfC0_3hDDkR9oDbJ2XoIIE,https://www.google.com/maps/place/?q=place_id:ChIJnzfC0_3hDDkR9oDbJ2XoIIE,part_377,2026-09-20 20:19:33,4338
"Phygital Financial Services- Personal loan near me,Business loan,Home loan,LAP, loans against investment",Home Loan DSA and Loan Consultant,Loan agency,"Loan agency, Financial consultant",802162,Bihar circle,Patna HQ Region,Bhojpur Division,"Kawara BO, Masarh BO, Saneya Barhata BO",+91 81694 16318,N/A,4.9,,"NICCO Circle, Nicolaswadi Road, road, Gundavali, Andheri East, Mumbai, Maharashtra 400069","Verma Nagar, Gundavali, Andheri East",19.123542999999998,72.853842,ChIJ__8LVtPJ5zsRcp9pjEEdbjo,https://www.google.com/maps/place/?q=place_id:ChIJ__8LVtPJ5zsRcp9pjEEdbjo,part_377,2026-09-20 20:19:33,4339
"PERSONAL LOANS, home loans",Home Loan DSA and Loan Consultant,Loan agency,"Loan agency, Financial consultant",802162,Bihar circle,Patna HQ Region,Bhojpur Division,"Kawara BO, Masarh BO, Saneya Barhata BO",N/A,N/A,5.0,,"152, 1st Main Rd, Nagasandra Post, HMT Layout, Nagasandra, Bengaluru, Karnataka 560015","Nagasandra Post, HMT Layout, Nagasandra",13.0369321,77.503378,ChIJq6qqatYirjsR4RdmlSbsoG4,https://www.google.com/maps/place/?q=place_id:ChIJq6qqatYirjsR4RdmlSbsoG4,part_377,2026-09-20 20:19:33,4340
Priyanshi Associates,Home Loan DSA and Loan Consultant,Loan agency,"Loan agency, Bank, Business broker, Car finance and loan company, Consultant, Council, Finance broker, Financial audit, Real estate consultant",802162,Bihar circle,Patna HQ Region,Bhojpur Division,"Kawara BO, Masarh BO, Saneya Barhata BO",+91 99509 95919,https://priyanshiassociates.in/,4.8,,"Sumer Complex, G 101, Gautam Marg, C Scheme, Ashok Nagar, Jaipur, Jaipur Nagar Nigam Area, Rajasthan 302001","C Scheme, Ashok Nagar",26.9082254,75.798508,ChIJgWw4RrO1bTkRlktxKzr7VJg,https://www.google.com/maps/place/?q=place_id:ChIJgWw4RrO1bTkRlktxKzr7VJg,part_377,2026-09-20 20:19:33,4341
Loanswealth,Home Loan DSA and Loan Consultant,Loan agency,Loan agency,802163,Bihar circle,Patna HQ Region,Bhojpur Division,"Babhangawan BO, Babura BO, Bagmajhauan BO",+91 79899 13289,https://loanswealth.com/,4.9,,"Flot No: 501, Venkoti Buildings, Mega Hills, Madhapur, Hyderabad, Telangana 500081","Mega Hills, Madhapur",17.4481115,78.39048849999999,ChIJEXyVp7aRyzsRpQzZrprKEtQ,https://www.google.com/maps/place/?q=place_id:ChIJEXyVp7aRyzsRpQzZrprKEtQ,part_377,2026-09-20 20:20:13,7378
Easy Loan Finance | Best Loan Consultancy in Patna | Best Project Consultants in Patna | Best Business Loan in Bihar |,Home Loan DSA and Loan Consultant,Loan agency,"Loan agency, Accounting firm, Business management consultant, Financial consultant, Human resource consulting, Legal services, Consultant, Tax consultant",802163,Bihar circle,Patna HQ Region,Bhojpur Division,"Babhangawan BO, Babura BO, Bagmajhauan BO",+91 72094 75394,http://www.icosyn.in/,5.0,,"102 , 1st Floor, G.K. Mansion, New Dak Bunglow Rd, near Tata Mall, Fraser Road Area, Patna, Bihar 800001",Fraser Road Area,25.609009999999998,85.1404105,ChIJzeR4AXNZ7TkRDYkkXOIr1MI,https://www.google.com/maps/place/?q=place_id:ChIJzeR4AXNZ7TkRDYkkXOIr1MI,part_377,2026-09-20 20:20:13,7379
LoanDelight,Home Loan DSA and Loan Consultant,Loan agency,Loan agency,802163,Bihar circle,Patna HQ Region,Bhojpur Division,"Babhangawan BO, Babura BO, Bagmajhauan BO",+91 80504 22599,https://loandelight.com/,4.9,,"6-2-966/1/1, First Floor, Ac Guards, A1191, Hill Colony, near Metro Pillar No, Khairtabad, Hyderabad, Telangana 500004","P & T Officers Colony, Veer Nagar, Khairtabad",17.4074119,78.4599556,ChIJkRqPhbGZyzsR9oC-EqVd9oc,https://www.google.com/maps/place/?q=place_id:ChIJkRqPhbGZyzsR9oC-EqVd9oc,part_377,2026-09-20 20:20:13,7380
Kushwaha Associates,Home Loan DSA and Loan Consultant,Loan agency,"Loan agency, Tax preparation service",802164,Bihar circle,Patna HQ Region,Bhojpur Division,"Baga BO, Chilhar BO, Chilhose BO",+91 73196 04699,http://www.kushwahaassociates.in/,4.9,53.0,"Home Guard, Bazar Samiti Rd, Civil Lines, Buxar, Bihar 802103",Civil Lines,25.5625084,83.9753935,ChIJvWk6xJ91kjkRnZ80AEUkiMk,https://www.google.com/maps/place/?q=place_id:ChIJvWk6xJ91kjkRnZ80AEUkiMk,part_377,2026-09-20 20:20:52,9901
Cholamandalam Investment and Finance Company Limited,Home Loan DSA and Loan Consultant,Loan agency,"Loan agency, Car finance and loan company, Finance broker, Financial advisor, Financial institution, Mortgage lender",802164,Bihar circle,Patna HQ Region,Bhojpur Division,"Baga BO, Chilhar BO, Chilhose BO",+91 80 4446 5311,https://www.cholamandalam.com/,5.0,6.0,"Guest House, New Bus Stand, Arrah - Sasaram Rd, opp. Hero Agency, Piro, Bihar 802207",802164,25.3229598,84.39935109999999,ChIJjxafbepxjTkRb3-w1wPDJR8,https://www.google.com/maps/place/?q=place_id:ChIJjxafbepxjTkRb3-w1wPDJR8,part_377,2026-09-20 20:20:52,9902
Cholamandalam Investment and Finance Company Limited,Home Loan DSA and Loan Consultant,Loan agency,"Loan agency, Car finance and loan company, Finance broker, Financial advisor, Financial institution, Mortgage lender",802164,Bihar circle,Patna HQ Region,Bhojpur Division,"Baga BO, Chilhar BO, Chilhose BO",+91 80 4446 5616,https://www.cholamandalam.com/,5.0,5.0,"1st Floor, Dwivedi Complex, Paterha Road, near SMART Point, Bishunpur, Maharajganj, Bihar 841238",Bishunpur,26.110977899999998,84.5080594,ChIJdTyMJXTvkjkRAmONLDdWhWE,https://www.google.com/maps/place/?q=place_id:ChIJdTyMJXTvkjkRAmONLDdWhWE,part_377,2026-09-20 20:20:52,9903
Cholamandalam Investment and Finance Company Limited,Home Loan DSA and Loan Consultant,Loan agency,"Loan agency, Car finance and loan company, Finance broker, Financial advisor, Financial institution, Mortgage lender",802164,Bihar circle,Patna HQ Region,Bhojpur Division,"Baga BO, Chilhar BO, Chilhose BO",+91 80 4446 5478,https://www.cholamandalam.com/,5.0,1.0,"2nd Floor, Main Road Bhore, above Sbi Atm, Khajurha Misir, Bihar 841426",802164,26.447519699999997,84.1177309,ChIJKSdu2tGvkzkRmo_gcWNXkG0,https://www.google.com/maps/place/?q=place_id:ChIJKSdu2tGvkzkRmo_gcWNXkG0,part_377,2026-09-20 20:20:52,9904
DY Financial Consultant,Home Loan DSA and Loan Consultant,Loan agency,Loan agency,802164,Bihar circle,Patna HQ Region,Bhojpur Division,"Baga BO, Chilhar BO, Chilhose BO",+91 79031 30385,http://dyfinancialconsultant.in/,5.0,88.0,"Second Floor, 210, Fraser Rd, near Centro Mall, Old Jakkanpur, Lodipur, Patna, Bihar 800001","Old Jakkanpur, Lodipur",25.6112286,85.13832769999999,ChIJJarDOVhZ7TkRzq9VAz5MgNM,https://www.google.com/maps/place/?q=place_id:ChIJJarDOVhZ7TkRzq9VAz5MgNM,part_377,2026-09-20 20:20:52,9905
Cholamandalam Investment and Finance Company Limited,Home Loan DSA and Loan Consultant,Loan agency,"Loan agency, Car finance and loan company, Finance broker, Financial advisor, Financial institution, Mortgage lender",802164,Bihar circle,Patna HQ Region,Bhojpur Division,"Baga BO, Chilhar BO, Chilhose BO",+91 80 4446 5756,https://www.cholamandalam.com/branch/bhakhura-more,4.8,37.0,"1st Floor, Lal Market, Daudnagar - Barun Rd, Bhakhura More, Daudnagar, Bihar 824113",Bhakhura More,25.030242899999998,84.4156368,ChIJE2EfOxoPjTkRYkVgHcma-mg,https://www.google.com/maps/place/?q=place_id:ChIJE2EfOxoPjTkRYkVgHcma-mg,part_377,2026-09-20 20:20:52,9906
Dhanshree Financial Solutions,Home Loan DSA and Loan Consultant,Loan agency,"Loan agency, Financial consultant, Credit counseling service",802164,Bihar circle,Patna HQ Region,Bhojpur Division,"Baga BO, Chilhar BO, Chilhose BO",+91 70042 44589,https://dhanshreefinancialsolutions.com/,4.8,157.0,"DHANSHREE FINANCIAL SOLUTIONS (Financial Consultant Ward No.-12 Lohiya Nagar, Eidgaah Road, Laliyahi, Katihar, Bihar 854105",Laliyahi,25.541522999999998,87.5581627,ChIJT1pEG6Op-jkRu1H9InDn3nE,https://www.google.com/maps/place/?q=place_id:ChIJT1pEG6Op-jkRu1H9InDn3nE,part_377,2026-09-20 20:20:52,9907
Expert finance consultant,Home Loan DSA and Loan Consultant,Corporate office,Corporate office,802164,Bihar circle,Patna HQ Region,Bhojpur Division,"Baga BO, Chilhar BO, Chilhose BO",N/A,N/A,5.0,1.0,"PCI Colony, RBI Flats Colony, Bankman Colony, Patna, Bihar 800020","PCI Colony, RBI Flats Colony, Bankman Colony",25.6027198,85.14897409999999,ChIJ2ayeJvlZ7TkRLvYte58Dx0Q,https://www.google.com/maps/place/?q=place_id:ChIJ2ayeJvlZ7TkRLvYte58Dx0Q,part_377,2026-09-20 20:20:52,9908
Cidrupa Financial Consultancy Pvt Ltd,Home Loan DSA and Loan Consultant,Financial consultant,Financial consultant,802164,Bihar circle,Patna HQ Region,Bhojpur Division,"Baga BO, Chilhar BO, Chilhose BO",+91 77658 15165,http://www.cidrupa.com/,4.8,6.0,"Cidrupa Financial Consultancy Pvt Ltd Janseva Hospital, Barej, Bihar 821109",802164,25.168387499999998,83.60937009999999,ChIJry_9TBnhjTkRx0CATALmeuQ,https://www.google.com/maps/place/?q=place_id:ChIJry_9TBnhjTkRx0CATALmeuQ,part_377,2026-09-20 20:20:52,9909
PR GROW INSIGHT,Home Loan DSA and Loan Consultant,Loan agency,"Loan agency, Solar energy system service",802164,Bihar circle,Patna HQ Region,Bhojpur Division,"Baga BO, Chilhar BO, Chilhose BO",+91 91134 53768,https://prgrowinsight.com/,5.0,7.0,"Piller no. 61, NH31, behind DC Singh petrol pump, Harrakh, Begusarai, Bihar 851101","Kaushal Colony, Kapasiya",25.4228761,86.1227711,ChIJaatOcm4b8jkRmWFtH9VbOLg,https://www.google.com/maps/place/?q=place_id:ChIJaatOcm4b8jkRmWFtH9VbOLg,part_377,2026-09-20 20:20:52,9910
Piramal Finance Limited,Home Loan DSA and Loan Consultant,Loan agency,"Loan agency, Financial advisor, Financial institution, Low income housing program, Mortgage lender",802164,Bihar circle,Patna HQ Region,Bhojpur Division,"Baga BO, Chilhar BO, Chilhose BO",+91 1800 266 6444,https://www.piramalfinance.com/branch-locator/loans-in-gorakhpur-uttar-pradesh-6264,4.9,522.0,"1st floor, Ho. No. 279, Medical College Road, near Passport office, Basharatpur, Ashok Nagar, Gorakhpur, Uttar Pradesh 273004","Basharatpur, Ashok Nagar",26.783208499999997,83.3851098,ChIJWTVLl_lEkTkRumkbQ9fYqek,https://www.google.com/maps/place/?q=place_id:ChIJWTVLl_lEkTkRumkbQ9fYqek,part_377,2026-09-20 20:20:52,9911
Complete loan solution,Home Loan DSA and Loan Consultant,Loan agency,"Loan agency, Service establishment",802164,Bihar circle,Patna HQ Region,Bhojpur Division,"Baga BO, Chilhar BO, Chilhose BO",N/A,N/A,,,"Complete loan solution, 802164, India",802164,25.6080374,85.14304299999999,ChIJjdFM62NZ7TkRVFvd04qT-U4,https://www.google.com/maps/place/?q=place_id:ChIJjdFM62NZ7TkRVFvd04qT-U4,part_377,2026-09-20 20:20:52,9912
Business Consultant,Home Loan DSA and Loan Consultant,Financial consultant,"Financial consultant, Financial institution",802164,Bihar circle,Patna HQ Region,Bhojpur Division,"Baga BO, Chilhar BO, Chilhose BO",+91 75469 14840,https://www.instagram.com/trader_gaowale1/profilecard/?igsh=YmUzN2VmbTYyNmY4,4.0,1.0,"At-maraiya, po-piralatif,ps-parbatta, dist, khagariya, Bihar 851212",802164,25.359247699999997,86.71850289999999,ChIJUQoV_YfF8TkRmExYo9YfV00,https://www.google.com/maps/place/?q=place_id:ChIJUQoV_YfF8TkRmExYo9YfV00,part_377,2026-09-20 20:20:52,9913
Cholamandalam Investment and Finance Company Limited,Home Loan DSA and Loan Consultant,Loan agency,"Loan agency, Car finance and loan company, Finance broker, Financial advisor, Financial institution, Mortgage lender",802164,Bihar circle,Patna HQ Region,Bhojpur Division,"Baga BO, Chilhar BO, Chilhose BO",+91 80 4446 5172,https://www.cholamandalam.com/,5.0,1.0,"1st Floor, Anita complex, Block Rd, near HDO residence, Masaurhi, Taregana, Bihar 804452",802164,25.364288,85.042768,ChIJKcrDnVux8jkRvWC63vq9t8Y,https://www.google.com/maps/place/?q=place_id:ChIJKcrDnVux8jkRvWC63vq9t8Y,part_377,2026-09-20 20:20:53,9914
Cholamandalam Investment and Finance Company Limited,Home Loan DSA and Loan Consultant,Loan agency,"Loan agency, Car finance and loan company, Finance broker, Financial advisor, Financial institution, Mortgage lender",802164,Bihar circle,Patna HQ Region,Bhojpur Division,"Baga BO, Chilhar BO, Chilhose BO",+91 80 4446 5479,https://www.cholamandalam.com/branch/sasaram,4.8,16.0,"1st Floor, Sasaram Rd, near Honda Showroom, Kochas, Bihar 821112",802164,25.2258149,83.9177654,ChIJEf6pM6_rjTkRpbRVWqCv770,https://www.google.com/maps/place/?q=place_id:ChIJEf6pM6_rjTkRpbRVWqCv770,part_377,2026-09-20 20:20:53,9915
Cholamandalam Investment and Finance Company Limited,Home Loan DSA and Loan Consultant,Loan agency,"Loan agency, Car finance and loan company, Finance broker, Financial advisor, Financial institution, Mortgage lender",802164,Bihar circle,Patna HQ Region,Bhojpur Division,"Baga BO, Chilhar BO, Chilhose BO",+91 80 4446 5367,https://www.cholamandalam.com/,5.0,2.0,"1st Floor, Main Road, above Yamaha showroom, Mukindpur, Mahua, Chaturangpur Korhan, Bihar 844122",Mukindpur,25.8040798,85.3864914,ChIJ02mRsDtv7TkRh_X_gVagIEA,https://www.google.com/maps/place/?q=place_id:ChIJ02mRsDtv7TkRh_X_gVagIEA,part_377,2026-09-20 20:20:53,9916
Mahindra Home Finance,Home Loan DSA and Loan Consultant,Loan agency,"Loan agency, Financial advisor, Financial institution, Mortgage lender",802164,Bihar circle,Patna HQ Region,Bhojpur Division,"Baga BO, Chilhar BO, Chilhose BO",+91 80 4495 3053,https://branch.mahindrahomefinance.com/bihar-sharif-nalanda-bihar-branch,5.0,1.0,"2nd Floor, Prakash Complex, Bihar Thana Rd, near PNB Bank, Durgasthan, Bihar Sharif, Bihar 803101",Durgasthan,25.204219,85.5247701,ChIJdy6Gn4T18jkR9RrJPJPO4o0,https://www.google.com/maps/place/?q=place_id:ChIJdy6Gn4T18jkR9RrJPJPO4o0,part_377,2026-09-20 20:20:53,9917
Cholamandalam Investment and Finance Company Limited,Home Loan DSA and Loan Consultant,Loan agency,"Loan agency, Car finance and loan company, Finance broker, Financial advisor, Financial institution, Mortgage lender",802164,Bihar circle,Patna HQ Region,Bhojpur Division,"Baga BO, Chilhar BO, Chilhose BO",+91 80 4446 5259,https://www.cholamandalam.com/branch/mashrak,5.0,9.0,"1st Floor, Khaira - Sattarghat Rd, near Maa Automobiles, Masrakh, Bihar 841417",802164,26.096259999999997,84.7996458,ChIJD74JUVzPkjkRxETyw36UOyI,https://www.google.com/maps/place/?q=place_id:ChIJD74JUVzPkjkRxETyw36UOyI,part_377,2026-09-20 20:20:53,9918
Cholamandalam Investment and Finance Company Limited,Home Loan DSA and Loan Consultant,Loan agency,"Loan agency, Car finance and loan company, Finance broker, Financial advisor, Financial institution, Mortgage lender",802164,Bihar circle,Patna HQ Region,Bhojpur Division,"Baga BO, Chilhar BO, Chilhose BO",+91 80 4446 5356,https://www.cholamandalam.com/branch/makhdumpur-panchayat,,,"1st Floor, Patna - Aurangabad Rd, near Aroma Hotel, Makhdumpur Panchayat, Arwal Sipah Panchayat, Bihar 804401",802164,25.2365359,84.6579474,ChIJzVYa6shBjTkR_m8i7aA2lfg,https://www.google.com/maps/place/?q=place_id:ChIJzVYa6shBjTkR_m8i7aA2lfg,part_377,2026-09-20 20:20:53,9919
IFLS FINANCIAL SERVICES,Home Loan DSA and Loan Consultant,Loan agency,Loan agency,802164,Bihar circle,Patna HQ Region,Bhojpur Division,"Baga BO, Chilhar BO, Chilhose BO",+91 1800 296 6999,https://www.iflsfinancialservices.in/,4.9,761.0,"1st Floor, AP Tourism Hotel, 45/203-A-57-101, Venkata Ramana Colony, Teachers Colony, Kurnool, Andhra Pradesh 518003","Venkata Ramana Colony, Teachers Colony",15.8349899,78.0251931,ChIJxZPhD3vntTsRwE_IgQKRVa8,https://www.google.com/maps/place/?q=place_id:ChIJxZPhD3vntTsRwE_IgQKRVa8,part_377,2026-09-20 20:20:53,9920
DS Consultants,Home Loan DSA and Loan Consultant,Loan agency,"Loan agency, Service establishment, Financial consultant, Insurance agency, Mortgage broker, Real estate consultant",802165,Bihar circle,Patna HQ Region,Bhojpur Division,"Bariswan BO, Bharauli BO, Birpur BO",+91 83109 79804,https://dsconsultants.org/,5.0,,"DS Consultants, 802165, India",802165,13.087868199999999,79.35468519999999,ChIJa0bYi7RBrjsRTzS7QJ8FKFI,https://www.google.com/maps/place/?q=place_id:ChIJa0bYi7RBrjsRTzS7QJ8FKFI,part_377,2026-09-20 20:21:29,12317
Your Loan Advisors - Personal Loans in Delhi NCR,Home Loan DSA and Loan Consultant,Loan agency,"Loan agency, Financial consultant",802165,Bihar circle,Patna HQ Region,Bhojpur Division,"Bariswan BO, Bharauli BO, Birpur BO",+91 97111 65183,https://www.yourloanadvisors.com/,4.9,,"F 12, Sector 39, F Block, Sector 40, Noida, Uttar Pradesh 201303","F Block, Sector 40",28.565043,77.35487499999999,ChIJvf__v5XlDDkRvChOEqW9nSU,https://www.google.com/maps/place/?q=place_id:ChIJvf__v5XlDDkRvChOEqW9nSU,part_377,2026-09-20 20:21:29,12318
Best Home Loan | Personal Loan In Delhi | Business Loan in Delhi | Loan Against Property in Delhi | CGTMSE Loan in Delhi,Home Loan DSA and Loan Consultant,Loan agency,"Loan agency, Agricultural Loan Agency, Car finance and loan company, Service establishment",802165,Bihar circle,Patna HQ Region,Bhojpur Division,"Bariswan BO, Bharauli BO, Birpur BO",+91 98182 50309,https://besthomeloanindia.com/,4.8,,"Best Home Loan | Personal Loan In Delhi | Business Loan in Delhi | Loan Against Property in Delhi | CGTMSE Loan in Delhi, 802165, India",802165,28.5951345,77.14222199999999,ChIJSbdbpqP6eqIR_4ICCwyi1h4,https://www.google.com/maps/place/?q=place_id:ChIJSbdbpqP6eqIR_4ICCwyi1h4,part_377,2026-09-20 20:21:29,12319
DK Solution of Finance,Home Loan DSA and Loan Consultant,Loan agency,"Loan agency, Financial consultant",802165,Bihar circle,Patna HQ Region,Bhojpur Division,"Bariswan BO, Bharauli BO, Birpur BO",+91 73835 29979,https://dksolutionoffinance.com/,5.0,,"A-712,7th Floor, Sun West Bank Near Shiv Cinema Opp : Mithakhali Underbridge, Ashram Rd, opp. : Vallabh Sadan, Ahmedabad, Gujarat 380009","Vishalpur, Muslim Society, Navrangpura",23.030861599999998,72.5712286,ChIJr9q-TY6FXjkRfZ_AVuDZwDo,https://www.google.com/maps/place/?q=place_id:ChIJr9q-TY6FXjkRfZ_AVuDZwDo,part_377,2026-09-20 20:21:29,12320
DigiFiin Consulting LLP,Home Loan DSA and Loan Consultant,Loan agency,"Loan agency, Car finance and loan company, Financial consultant, Financial institution, Insurance agency, Life insurance agency",802165,Bihar circle,Patna HQ Region,Bhojpur Division,"Bariswan BO, Bharauli BO, Birpur BO",+91 72978 98290,https://www.digifiin.com/,5.0,,"A-28, Circuit House Rd, opposite National Handloom, Rai Ka Bagh, Jodhpur, Rajasthan 342001",Rai Ka Bagh,26.2865073,73.037279,ChIJ9coxFn-NQTkRj26IMDzG52w,https://www.google.com/maps/place/?q=place_id:ChIJ9coxFn-NQTkRj26IMDzG52w,part_377,2026-09-20 20:21:30,12321
YSRDR home loan provider,Home Loan DSA and Loan Consultant,Financial consultant,"Financial consultant, Service establishment",802165,Bihar circle,Patna HQ Region,Bhojpur Division,"Bariswan BO, Bharauli BO, Birpur BO",N/A,N/A,5.0,,"YSRDR home loan provider, 802165, India",802165,26.848692,80.9425127,ChIJ1eCBzdlXmTkRTvkMH4FJxBs,https://www.google.com/maps/place/?q=place_id:ChIJ1eCBzdlXmTkRTvkMH4FJxBs,part_377,2026-09-20 20:21:30,12322
Cholamandalam Investment and Finance Company Limited,Home Loan DSA and Loan Consultant,Loan agency,"Loan agency, Car finance and loan company, Finance broker, Financial institution, Mortgage lender",802165,Bihar circle,Patna HQ Region,Bhojpur Division,"Bariswan BO, Bharauli BO, Birpur BO",+91 80 4446 5726,https://www.cholamandalam.com/branch/bhabhua,5.0,,"2nd Flr, PKD Square Mall, Bhabua - Mohania Rd, opp. Swayamvar Vatika, Bhabhua, Bhabua, Bihar 821101",802165,25.042000299999998,83.6137048,ChIJhbcBd-DZjTkR73YPmJssywY,https://www.google.com/maps/place/?q=place_id:ChIJhbcBd-DZjTkR73YPmJssywY,part_377,2026-09-20 20:21:30,12323
Home loan,Home Loan DSA and Loan Consultant,Financial consultant,"Financial consultant, Service establishment",802165,Bihar circle,Patna HQ Region,Bhojpur Division,"Bariswan BO, Bharauli BO, Birpur BO",N/A,N/A,,,"Home loan, 802165, India",802165,28.972918,77.73933,ChIJfVE-CR9lDDkRRECU9L79Ty4,https://www.google.com/maps/place/?q=place_id:ChIJfVE-CR9lDDkRRECU9L79Ty4,part_377,2026-09-20 20:21:30,12324
home loan provider| Loan in bhopal instant home loan| mortgage loan|,Home Loan DSA and Loan Consultant,Loan agency,Loan agency,802165,Bihar circle,Patna HQ Region,Bhojpur Division,"Bariswan BO, Bharauli BO, Birpur BO",+91 755 359 2036,N/A,4.8,,"plot no 7, near Railway Line, Chetak Bridge, Zone-I, Maharana Pratap Nagar, Bhopal, Madhya Pradesh 462011","Chetak Bridge, Zone-I, Maharana Pratap Nagar",23.2354468,77.4359224,ChIJvy2j-SlDfDkRDh8z2PNLT8I,https://www.google.com/maps/place/?q=place_id:ChIJvy2j-SlDfDkRDh8z2PNLT8I,part_377,2026-09-20 20:21:30,12325
Aavas Financiers - Home Loan Sultanpur,Home Loan DSA and Loan Consultant,Loan agency,Loan agency,802165,Bihar circle,Patna HQ Region,Bhojpur Division,"Bariswan BO, Bharauli BO, Birpur BO",+91 83030 01234,https://www.aavas.in/?utm_source=GMB&utm_medium=GMBLocation&utm_campaign=gmap&utm_content=nearby&utm_term=homeloan,5.0,,"1st Floor, Abha Avenue, 8/10A, Ayodhya - Prayagraj Rd, near Ganpat Sahai Mahavidyalaya, Ramapur, Sultanpur, Uttar Pradesh 228001",Ramapur,26.2324755,82.0621036,ChIJwVn6vXR9mjkRCXhK0AvjAno,https://www.google.com/maps/place/?q=place_id:ChIJwVn6vXR9mjkRCXhK0AvjAno,part_377,2026-09-20 20:21:30,12326
Home loan solution poit..,Home Loan DSA and Loan Consultant,Loan agency,Loan agency,802165,Bihar circle,Patna HQ Region,Bhojpur Division,"Bariswan BO, Bharauli BO, Birpur BO",+91 94150 03662,N/A,5.0,,"LGF 112 A, Ratan Khand, Ruchi Khand 2, Sharda Nagar, Lucknow, Uttar Pradesh 226012","Ratan Khand, Ruchi Khand 2, Sharda Nagar",26.780160499999997,80.9304916,ChIJM9m2hJL7mzkR_cAwyYK_LzM,https://www.google.com/maps/place/?q=place_id:ChIJM9m2hJL7mzkR_cAwyYK_LzM,part_377,2026-09-20 20:21:30,12327
Kanpur Finance Services- Loans & Properties,Home Loan DSA and Loan Consultant,Financial consultant,"Financial consultant, Service establishment",802165,Bihar circle,Patna HQ Region,Bhojpur Division,"Bariswan BO, Bharauli BO, Birpur BO",+91 98070 09909,https://kanpurfinanceservices.com/,4.8,,"Kanpur Finance Services- Loans & Properties, 802165, India",802165,21.0680074,82.7525294,ChIJAQDxyTJGnDkRNBemUmmK-Pg,https://www.google.com/maps/place/?q=place_id:ChIJAQDxyTJGnDkRNBemUmmK-Pg,part_377,2026-09-20 20:21:30,12328
Cholamandalam Investment and Finance Company Limited,Home Loan DSA and Loan Consultant,Loan agency,"Loan agency, Car finance and loan company, Finance broker, Financial institution, Mortgage lender",802165,Bihar circle,Patna HQ Region,Bhojpur Division,"Bariswan BO, Bharauli BO, Birpur BO",+91 80 4446 5424,https://www.cholamandalam.com/,4.8,,"1st Floor, No.28, Sultanpur Road, opp. Bus Stand, Ramapur, Jaunpur, Sultanpur, Uttar Pradesh 223101",Ramapur,26.2381703,82.062801,ChIJe3aAu_Z8mjkRZVSxhULKLqU,https://www.google.com/maps/place/?q=place_id:ChIJe3aAu_Z8mjkRZVSxhULKLqU,part_377,2026-09-20 20:21:30,12329
Loan,Home Loan DSA and Loan Consultant,Loan agency,"Loan agency, Service establishment",802165,Bihar circle,Patna HQ Region,Bhojpur Division,"Bariswan BO, Bharauli BO, Birpur BO",N/A,N/A,5.0,,"Loan, 802165, India",802165,25.9396578,83.5626217,ChIJi9bW59yLkTkR-IG7f1SHPnU,https://www.google.com/maps/place/?q=place_id:ChIJi9bW59yLkTkR-IG7f1SHPnU,part_377,2026-09-20 20:21:30,12330
D.D. Associate,Home Loan DSA and Loan Consultant,Loan agency,Loan agency,802165,Bihar circle,Patna HQ Region,Bhojpur Division,"Bariswan BO, Bharauli BO, Birpur BO",+91 81079 63365,N/A,4.8,,"Amar Chambers, Olympic Rd, above shree nath pav, bhaji, jalori gate, Jodhpur, Rajasthan 342006","bhaji, jalori gate",26.283109099999997,73.0168953,ChIJQ74rDbuNQTkRMsFXXQKaOvg,https://www.google.com/maps/place/?q=place_id:ChIJQ74rDbuNQTkRMsFXXQKaOvg,part_377,2026-09-20 20:21:30,12331
Home Loan and Mortgage Loan,Home Loan DSA and Loan Consultant,Loan agency,"Loan agency, Service establishment",802165,Bihar circle,Patna HQ Region,Bhojpur Division,"Bariswan BO, Bharauli BO, Birpur BO",+91 70011 59199,N/A,5.0,,"Home Loan and Mortgage Loan, 802165, India",802165,24.374074399999998,87.85113779999999,ChIJRzG6huuR-DkRrqY_ojlLq_8,https://www.google.com/maps/place/?q=place_id:ChIJRzG6huuR-DkRrqY_ojlLq_8,part_377,2026-09-20 20:21:30,12332
"Mortgage Loan (Lap), Home Loan (approved or society), Jhotwara, Jaipur, In Jaipur.",Home Loan DSA and Loan Consultant,Loan agency,"Loan agency, Service establishment",802165,Bihar circle,Patna HQ Region,Bhojpur Division,"Bariswan BO, Bharauli BO, Birpur BO",+91 90017 97627,N/A,5.0,,"Mortgage Loan (Lap), Home Loan (approved or society), Jhotwara, Jaipur, In Jaipur., 802165, India",802165,27.3217464,75.4815477,ChIJ1XaSKlWzbTkR0r5Cy9QlS50,https://www.google.com/maps/place/?q=place_id:ChIJ1XaSKlWzbTkR0r5Cy9QlS50,part_377,2026-09-20 20:21:30,12333
LONE AGENCY civil scor badhayea,Home Loan DSA and Loan Consultant,Loan agency,"Loan agency, Financial consultant",802165,Bihar circle,Patna HQ Region,Bhojpur Division,"Bariswan BO, Bharauli BO, Birpur BO",+91 81820 41234,N/A,,,"Dahla, Harsewakpur No.2, Uttar Pradesh 273014",Dahla,26.7966485,83.411349,ChIJ2wsuXg5FkTkRZNwaz-70wLw,https://www.google.com/maps/place/?q=place_id:ChIJ2wsuXg5FkTkRZNwaz-70wLw,part_377,2026-09-20 20:21:30,12334
SHIVAAY CONSULTANT AND SOLUTIONS,Home Loan DSA and Loan Consultant,Financial consultant,Financial consultant,802183,Bihar circle,Patna HQ Region,Bhojpur Division,"Banahi BO, Bankat Sikaria BO, Kamariaon BO",N/A,N/A,4.9,40.0,"Exhibition Rd, South Gandhi Maidan, Raja Ji Salai, RodaRd, Patna, Bihar 800001","South Gandhi Maidan, Raja Ji Salai, RodaRd",25.614489499999998,85.143739,ChIJSZKXb1lY7TkREbwcH7eByXI,https://www.google.com/maps/place/?q=place_id:ChIJSZKXb1lY7TkREbwcH7eByXI,part_377,2026-09-20 20:22:41,14477
Kumar & Associates,Home Loan DSA and Loan Consultant,Consultant,"Consultant, Financial consultant",802183,Bihar circle,Patna HQ Region,Bhojpur Division,"Banahi BO, Bankat Sikaria BO, Kamariaon BO",+91 74884 07522,N/A,3.7,3.0,"Vill + PO Chhatiyana, Chhatiana, Bihar 804424",802183,25.0162983,84.9413046,ChIJa3O4jD7N8jkRM8eRFpuQvp4,https://www.google.com/maps/place/?q=place_id:ChIJa3O4jD7N8jkRM8eRFpuQvp4,part_377,2026-09-20 20:22:41,14478
Mudra Finance Services,Home Loan DSA and Loan Consultant,Bank,Bank,802183,Bihar circle,Patna HQ Region,Bhojpur Division,"Banahi BO, Bankat Sikaria BO, Kamariaon BO",+91 89872 75112,N/A,3.9,13.0,"Agam Kuan, Main, Road, Chhoti Pahari, Patna, Bihar 800008",Chhoti Pahari,25.592493899999997,85.1967117,ChIJ-YWJGlFf7TkRi4SYvO6ev1k,https://www.google.com/maps/place/?q=place_id:ChIJ-YWJGlFf7TkRi4SYvO6ev1k,part_377,2026-09-20 20:22:42,14479
Fair Finance,Home Loan DSA and Loan Consultant,Financial institution,Financial institution,802183,Bihar circle,Patna HQ Region,Bhojpur Division,"Banahi BO, Bankat Sikaria BO, Kamariaon BO",+91 91233 09198,https://fairfinance.in/,4.3,58.0,"Regus 5th Floor, RDB Boulevard, EP Block, Sector V, Bidhannagar, Kolkata, West Bengal 700091","EP Block, Sector V, Bidhannagar",22.5687207,88.43304499999999,ChIJzULzARFxAjoRswVA_7nAZsM,https://www.google.com/maps/place/?q=place_id:ChIJzULzARFxAjoRswVA_7nAZsM,part_377,2026-09-20 20:22:42,14480
AM Financial Services-Home Loan agency for SBI HDFC AXIS ICICI,Home Loan DSA and Loan Consultant,Loan agency,"Loan agency, Service establishment",802201,Bihar circle,Patna HQ Region,Bhojpur Division,"Baghi BO, Bargaon  BO, Berath BO",+91 99807 44740,N/A,4.9,,"AM Financial Services-Home Loan agency for SBI HDFC AXIS ICICI, 802201, India",802201,12.987976999999999,77.6219718,ChIJVRJ32Jg_rjsRJqTkcszoMYw,https://www.google.com/maps/place/?q=place_id:ChIJVRJ32Jg_rjsRJqTkcszoMYw,part_377,2026-09-20 20:23:19,15658
Finansh | Financial Consultants and Debt Advisors,Home Loan DSA and Loan Consultant,Loan agency,"Loan agency, Business management consultant, Financial consultant, Mortgage broker",802202,Bihar circle,Patna HQ Region,Bhojpur Division,"Amehata BO, Kahndani BO, Kataria BO",+91 87674 11297,https://finansh.in/,4.9,24.0,"Office No. 807, 8th Floor, Solitaire Business Hub, 1, Balewadi High St, Baner, Pune, Maharashtra 411045",Baner,18.5665753,73.7768389,ChIJhaUYehC_wjsRyUwdRQTlNLs,https://www.google.com/maps/place/?q=place_id:ChIJhaUYehC_wjsRyUwdRQTlNLs,part_377,2026-09-20 20:23:51,16801
Loanmoney,Home Loan DSA and Loan Consultant,Loan agency,Loan agency,802203,Bihar circle,Patna HQ Region,Bhojpur Division,"Ayer BO, Bagwan BO, Balbandh BO",+91 81302 22111,N/A,3.9,14.0,"Paras Seasons, Tower 1, 1310, Sector 168, Noida, Uttar Pradesh 201304",Sector 168,28.4957785,77.4072614,ChIJp5mjznvnDDkR80n44ORdryw,https://www.google.com/maps/place/?q=place_id:ChIJp5mjznvnDDkR80n44ORdryw,part_377,2026-09-20 20:24:25,17598
HOME LOAN CONSULTANT,Home Loan DSA and Loan Consultant,Loan agency,"Loan agency, Service establishment",802204,Bihar circle,Patna HQ Region,Bhojpur Division,"Derhgaon BO, Gaharuaon BO, Jamorhi BO",N/A,N/A,,,"HOME LOAN CONSULTANT, 802204, India",802204,9.5005889,76.630994,ChIJF9txYacrBjsR51XbcOdyhAU,https://www.google.com/maps/place/?q=place_id:ChIJF9txYacrBjsR51XbcOdyhAU,part_377,2026-09-20 20:24:59,18544
DREAM SOLUTIONS,Home Loan DSA and Loan Consultant,Corporate office,Corporate office,802204,Bihar circle,Patna HQ Region,Bhojpur Division,"Derhgaon BO, Gaharuaon BO, Jamorhi BO",+91 88755 53345,https://www.dreamsolutiononline.com/,5.0,,"C39, KV Heights, near Metro Pillar No 80, Radha Vihar, Shiva Colony, Govindpuri, Jaipur, Jaipur Nagar Nigam Area, Rajasthan 302019","Radha Vihar, Shiva Colony, Govindpuri",26.8841337,75.7691622,ChIJfYEo7Oy1bTkR6kZsU9p3BPM,https://www.google.com/maps/place/?q=place_id:ChIJfYEo7Oy1bTkR6kZsU9p3BPM,part_377,2026-09-20 20:24:59,18545
Vision Of Finance,Home Loan DSA and Loan Consultant,Loan agency,Loan agency,802204,Bihar circle,Patna HQ Region,Bhojpur Division,"Derhgaon BO, Gaharuaon BO, Jamorhi BO",+91 98234 08667,N/A,4.2,,"Dabholkar Corner, Ayodhya Towers, Shop No. 4 Ground Floor, Kolhapur, Maharashtra 416001",Shahupuri,16.7040853,74.2409249,ChIJDzr8iyEBwTsRQZTBKZcVbYQ,https://www.google.com/maps/place/?q=place_id:ChIJDzr8iyEBwTsRQZTBKZcVbYQ,part_377,2026-09-20 20:24:59,18546
iHUM Capital iHUM's PANDEMIC SOLUTIONS,Home Loan DSA and Loan Consultant,Loan agency,Loan agency,802204,Bihar circle,Patna HQ Region,Bhojpur Division,"Derhgaon BO, Gaharuaon BO, Jamorhi BO",+91 91197 31234,http://www.ihumps.com/,4.7,678.0,"Office No 4,1st Floor, Bhagya Building Apate Road, Near Santosh Bakery - Opp Sahaji Paratha House Deccan Gymkhana, Shivajinagar, Pune, Maharashtra 411004",Shivajinagar,18.522894,73.84434379999999,ChIJo4hMpGPBwjsRYfDxtnhtCZE,https://www.google.com/maps/place/?q=place_id:ChIJo4hMpGPBwjsRYfDxtnhtCZE,part_377,2026-09-20 20:25:00,18547
Your Home Loan Consultant,Home Loan DSA and Loan Consultant,Mortgage broker,"Mortgage broker, Service establishment, Finance broker, Loan agency",802208,Bihar circle,Patna HQ Region,Bhojpur Division,"Baruhi BO, Dhanchhuhan BO, Dulamchak Chak Chaudhari BO",N/A,https://www.yourhomeloanconsultant.com.au/,5.0,,"Your Home Loan Consultant, 802208, India",802208,-27.373777999999998,152.9687247,ChIJj8LBplLlk2sR3HVPlJnDJnE,https://www.google.com/maps/place/?q=place_id:ChIJj8LBplLlk2sR3HVPlJnDJnE,part_377,2026-09-20 20:27:21,22099
VISION FINANCIAL ASSOCIATES,Home Loan DSA and Loan Consultant,Loan agency,"Loan agency, Business management consultant, Finance broker, Financial institution, Investment service, Mortgage broker",802209,Bihar circle,Patna HQ Region,Bhojpur Division,"Bhadsera BO, Bihta English BO, Deo BO",+91 97651 90311,https://vsnfinance.com/,4.9,15.0,"Block No 103, Rajat Plaza, Ghat Rd, opposite Union Bank, Sitabuldi, Nagpur, Maharashtra 440009",Sitabuldi,21.1417663,79.0890752,ChIJ2Ywaum_B1DsRwzWhFdsZug0,https://www.google.com/maps/place/?q=place_id:ChIJ2Ywaum_B1DsRwzWhFdsZug0,part_377,2026-09-20 20:27:55,22803
APNA GHAR DOT COM,Home Loan DSA and Loan Consultant,Loan agency,"Loan agency, Commercial real estate agency, Real Estate Builders & Construction Company, Industrial real estate agency, Real estate consultant",802209,Bihar circle,Patna HQ Region,Bhojpur Division,"Bhadsera BO, Bihta English BO, Deo BO",+91 98931 05587,https://apnaghardotcom.in/,4.8,46.0,"Ganpati Plaza, F-1, behind Max Mall, City Center, Tulsi Vihar Colony, Gwalior, Madhya Pradesh 474002","City Center, Tulsi Vihar Colony",26.205513699999997,78.19009129999999,ChIJJ6ML5zjFdjkRpx91iKa1cI8,https://www.google.com/maps/place/?q=place_id:ChIJJ6ML5zjFdjkRpx91iKa1cI8,part_377,2026-09-20 20:27:55,22804
Verma Financial Consultants | Home Loan Agra,Home Loan DSA and Loan Consultant,Loan agency,"Loan agency, Service establishment, Financial consultant, Insurance agency",802210,Bihar circle,Patna HQ Region,Bhojpur Division,"Ashni Jaitpur BO, Dakhin Ekauna BO, Deoria BO",+91 98371 03102,N/A,4.0,4.0,"Verma Financial Consultants | Home Loan Agra, 802210, India",802210,27.302644299999997,78.123224,ChIJSUV9PTt3dDkROmtdIeSjOs0,https://www.google.com/maps/place/?q=place_id:ChIJSUV9PTt3dDkROmtdIeSjOs0,part_377,2026-09-20 20:28:30,23453
Easyfinserv,Home Loan DSA and Loan Consultant,Finance broker,Finance broker,802211,Bihar Circle,Patna HQ Region,Rohtas Division,"Babhnaul SO, Awarhi BO, Chatara BO",+91 63876 95657,https://www.easyfinserv.com/,4.8,,"Siddhi Vinayak Complex, near Padmini Hotel, Bank Colony, Mahmoorganj, Varanasi, Uttar Pradesh 221010","Bank Colony, Mahmoorganj",25.30746,82.98392369999999,ChIJ2Wu2h8otjjkRatzTYeT3z9Q,https://www.google.com/maps/place/?q=place_id:ChIJ2Wu2h8otjjkRatzTYeT3z9Q,part_377,2026-09-20 20:29:04,25359
Money Mango - Home Loan Agency Bengaluru | Mortgage Loans | Loan Against Property | Business Loans | Personal Loans,Home Loan DSA and Loan Consultant,Loan agency,"Loan agency, Finance broker, Financial planner, Mortgage broker, Mortgage lender",802212,Bihar Circle,Patna HQ Region,Rohtas Division,"Bikramganj SO, Dhangain BO, Dharupur BO",+91 96110 77666,https://www.moneymango.in/,4.9,,"Landmark : Madeena Masjid, 80 Feet Rd, Ashwath Nagar, Sanjayanagara, Bengaluru, Karnataka 560094","Ashwath Nagar, Sanjayanagara",13.027013,77.5785147,ChIJe9WuZ70XrjsRmUcxELTdkOw,https://www.google.com/maps/place/?q=place_id:ChIJe9WuZ70XrjsRmUcxELTdkOw,part_377,2026-09-20 20:29:41,26740
Udaysagar Financial Services,Home Loan DSA and Loan Consultant,Loan agency,"Loan agency, Business to business service, Finance broker, Financial consultant, Insurance agency, Mortgage broker",802212,Bihar Circle,Patna HQ Region,Rohtas Division,"Bikramganj SO, Dhangain BO, Dharupur BO",+91 78292 11579,https://udaysagarmortgagebroker.blogspot.com/p/free-home-loan-eligibility-bangalore.html,3.9,,"91, Iconnet Business Centre, 10th Cross Rd, next to Asha Sweet Centre, Yalappa Garden, Malleshwaram, Bengaluru, Karnataka 560003","Yalappa Garden, Malleshwaram",13.0013214,77.5728843,ChIJU75DqXQXrjsRkJujMZFaxjs,https://www.google.com/maps/place/?q=place_id:ChIJU75DqXQXrjsRkJujMZFaxjs,part_377,2026-09-20 20:29:41,26741
Lotus Financial Solutions - Personal Loan & Home Loan in Ahmedabad,Home Loan DSA and Loan Consultant,Loan agency,"Loan agency, Business banking service, Car finance and loan company, Finance broker, Financial consultant, Financial planner, Mortgage lender",802212,Bihar Circle,Patna HQ Region,Rohtas Division,"Bikramganj SO, Dhangain BO, Dharupur BO",+91 98791 12355,http://ahmedabadloans.com/,4.9,,"311, Tulsi Complex, Mithakhali Cir, opposite Crossword, Rashmi Society, Mithakhali, Navrangpura, Ahmedabad, Gujarat 380009","Rashmi Society, Mithakhali, Navrangpura",23.0319804,72.56522489999999,ChIJVVVVpfaEXjkRTDbZMWANqSU,https://www.google.com/maps/place/?q=place_id:ChIJVVVVpfaEXjkRTDbZMWANqSU,part_377,2026-09-20 20:29:41,26742
SOLE CAPITAL FINANCE PRIVATE LIMITED,Home Loan DSA and Loan Consultant,Loan agency,Loan agency,802212,Bihar Circle,Patna HQ Region,Rohtas Division,"Bikramganj SO, Dhangain BO, Dharupur BO",+91 99241 67709,http://www.solecapital.in/,4.9,,"4th Floor, Nakshatra Arcade, 5,6, 7, IOC Rd, Chandkheda, Ahmedabad, Gujarat 382424","Vivekanand Nagar, D-Cabin, Chandkheda",23.1120527,72.5745273,ChIJQVpJypGDXjkRA9_t8zitvYk,https://www.google.com/maps/place/?q=place_id:ChIJQVpJypGDXjkRA9_t8zitvYk,part_377,2026-09-20 20:29:41,26743
Hare Krishn Consultancy,Home Loan DSA and Loan Consultant,Loan agency,"Loan agency, Business banking service, Car finance and loan company, Credit counseling service, Financial consultant, Financial institution, Home insurance agency, Insurance agent, Mortgage broker",802212,Bihar Circle,Patna HQ Region,Rohtas Division,"Bikramganj SO, Dhangain BO, Dharupur BO",+91 63532 26117,https://www.harekrishnconsultancy.com/,5.0,,"White House, 405, above passport office, near Shyam Shikhar, Bapunagar, Ahmedabad, Gujarat 380024","Soni ni chali, Bapunagar",23.028705,72.633219,ChIJQYhUV0iFXjkRhU5_Xsob8pw,https://www.google.com/maps/place/?q=place_id:ChIJQYhUV0iFXjkRhU5_Xsob8pw,part_377,2026-09-20 20:29:41,26744
Kalakal Enterprise India PVT. LTD.,Home Loan DSA and Loan Consultant,Loan agency,Loan agency,802213,Bihar Circle,Patna HQ Region,Rohtas Division,"Dinara SO Rohtas, Akorha BO, Andore BO",+91 79907 64997,https://kalakalenterprise.in/,4.5,59.0,"7th Floor, Sumeru Centre, 6/B, Chimanlal Girdharlal Rd, opp. karnavati pagarkha bazar, near Bhagini Nivedita Railway Underpass, Paldi, Ahmedabad, Gujarat 380007",Paldi,23.014940799999998,72.558493,ChIJ6aEyKeeFXjkRSF3ukeyabDs,https://www.google.com/maps/place/?q=place_id:ChIJ6aEyKeeFXjkRSF3ukeyabDs,part_377,2026-09-20 20:30:15,28383
Prarvi Consultancy,Home Loan DSA and Loan Consultant,Financial consultant,Financial consultant,802213,Bihar Circle,Patna HQ Region,Rohtas Division,"Dinara SO Rohtas, Akorha BO, Andore BO",+91 79840 43569,http://www.prarviconsultancy.com/,4.9,187.0,"Prarvi Consultancy, Ghanshyamnagar Soc - 2, Ghanshyam Nagar Society 2, Manjalpur, Vadodara, Gujarat 390011","Ghanshyamnagar Soc - 2, Ghanshyam Nagar Society 2, Manjalpur",22.2721363,73.1901281,ChIJu0FgQtDFXzkRxp7953vZHNg,https://www.google.com/maps/place/?q=place_id:ChIJu0FgQtDFXzkRxp7953vZHNg,part_377,2026-09-20 20:30:15,28384
Tax N Finance (DaniTNF Consultant India LLP),Home Loan DSA and Loan Consultant,Loan agency,"Loan agency, Accounting firm, Auditor, Business management consultant, Car finance and loan company, Finance broker, Financial audit, Legal services, Financial planner, Tax consultant",802213,Bihar Circle,Patna HQ Region,Rohtas Division,"Dinara SO Rohtas, Akorha BO, Andore BO",+91 99240 87904,https://www.taxnfinance.com/,4.8,103.0,"Sumel 11, E 147 & 148, above Torrent Power Office, near BAPS Circle, Bhadreshwar Society, Kazipur Dariyapur, Ahmedabad, Gujarat 380004","Bhadreshwar Society, Kazipur Dariyapur",23.043805,72.5876447,ChIJ5_TzxkqFXjkRMx_BQeO-vyo,https://www.google.com/maps/place/?q=place_id:ChIJ5_TzxkqFXjkRMx_BQeO-vyo,part_377,2026-09-20 20:30:15,28385
CRYSTAL FINCORP,Home Loan DSA and Loan Consultant,Loan agency,"Loan agency, Financial consultant",802213,Bihar Circle,Patna HQ Region,Rohtas Division,"Dinara SO Rohtas, Akorha BO, Andore BO",+91 79849 43753,N/A,5.0,11.0,"sumel 7, C-433, Cross Rd, above ICICI Bank, Soni ni chali, Rehmat Nagar, Rakhial, Ahmedabad, Gujarat 380023","Soni ni chali, Rehmat Nagar, Rakhial",23.020809699999997,72.6374857,ChIJcZBdtsqHXjkRJ6-tdQgnP6o,https://www.google.com/maps/place/?q=place_id:ChIJcZBdtsqHXjkRJ6-tdQgnP6o,part_377,2026-09-20 20:30:15,28386
Shilpa loans,Home Loan DSA and Loan Consultant,Loan agency,Loan agency,802213,Bihar Circle,Patna HQ Region,Rohtas Division,"Dinara SO Rohtas, Akorha BO, Andore BO",+91 70225 89956,https://shilpaloans.com/,4.2,60.0,"588, 8th Main Rd, near ganesha temple, CHBS Layout, MC Layout, Vijayanagar, Bengaluru, Karnataka 560040","CHBS Layout, MC Layout, Vijayanagar",12.9734603,77.5366287,ChIJ57JbAnM9rjsRZma0r7SXZPI,https://www.google.com/maps/place/?q=place_id:ChIJ57JbAnM9rjsRZma0r7SXZPI,part_377,2026-09-20 20:30:15,28387
SCAPITAL - Property Mortgage Loan Consultant in Ahmedabad,Home Loan DSA and Loan Consultant,Loan agency,"Loan agency, Financial institution, Mortgage broker",802213,Bihar Circle,Patna HQ Region,Rohtas Division,"Dinara SO Rohtas, Akorha BO, Andore BO",+91 89899 09087,http://www.scapital.in/,4.9,,"2ND FLOOR 208, Shree Balaji Heights, Chimanlal Girdharlal Rd, near TANISHQ SHOWROOM, Ellisbridge, Ahmedabad, Gujarat 380009",Ellisbridge,23.029047199999997,72.5570056,ChIJhbuwOhyFXjkRd_tmvy09Isg,https://www.google.com/maps/place/?q=place_id:ChIJhbuwOhyFXjkRd_tmvy09Isg,part_377,2026-09-20 20:30:16,28388
MY SAFE LOAN,Home Loan DSA and Loan Consultant,Loan agency,Loan agency,802213,Bihar Circle,Patna HQ Region,Rohtas Division,"Dinara SO Rohtas, Akorha BO, Andore BO",+91 95744 50460,https://mysafeloan.com/,4.9,,"16, 2nd Floor, Anjali Chamber, RC Dutt Rd, near Panchsheel Hotel, Vadodara, Gujarat 390007",Jetalpur,22.310107499999997,73.1772563,ChIJJeXwKdTJXzkRyUQ0UCtXFOA,https://www.google.com/maps/place/?q=place_id:ChIJJeXwKdTJXzkRyUQ0UCtXFOA,part_377,2026-09-20 20:30:16,28389
CP ADVISOR,Home Loan DSA and Loan Consultant,Financial consultant,Financial consultant,802213,Bihar Circle,Patna HQ Region,Rohtas Division,"Dinara SO Rohtas, Akorha BO, Andore BO",+91 79848 33474,https://cpadvisordigital.in/,5.0,,"855C+3F2, Jetalpur Rd, Alkapuri, Vadodara, Gujarat 390007",Alkapuri,22.307641999999998,73.17115199999999,ChIJQ0gPF6jJXzkRpsbOCFpNfD0,https://www.google.com/maps/place/?q=place_id:ChIJQ0gPF6jJXzkRpsbOCFpNfD0,part_377,2026-09-20 20:30:16,28390
Ruloans Distribution Services Pvt Ltd,Home Loan DSA and Loan Consultant,Loan agency,Loan agency,802213,Bihar Circle,Patna HQ Region,Rohtas Division,"Dinara SO Rohtas, Akorha BO, Andore BO",+91 1800 266 7576,https://www.ruloans.com/,3.3,,"Jet Prime, 601 to 606, Plot No.39B, Suren Rd, opp. Residency Hotel, Andheri East, Mumbai, Maharashtra 400093","Gundavali, Andheri East",19.117680999999997,72.8565611,ChIJq0HK4tLJ5zsRoxYlZr4dNB0,https://www.google.com/maps/place/?q=place_id:ChIJq0HK4tLJ5zsRoxYlZr4dNB0,part_377,2026-09-20 20:30:16,28391
LIC HFL Ghaziabad (Home loan Advisor),Home Loan DSA and Loan Consultant,Loan agency,"Loan agency, Service establishment",802214,Bihar Circle,Patna HQ Region,Rohtas Division,"Gorari SO, Amoura BO, Bad BO",+91 92206 29222,N/A,5.0,9.0,"LIC HFL Ghaziabad (Home loan Advisor), 802214, India",802214,28.6996532,77.39502829999999,ChIJe_uRh5BQe40RI5FS8zgMl10,https://www.google.com/maps/place/?q=place_id:ChIJe_uRh5BQe40RI5FS8zgMl10,part_377,2026-09-20 20:30:50,29667
Mera Loan Doctor,Home Loan DSA and Loan Consultant,Loan agency,Loan agency,802216,Bihar Circle,Patna HQ Region,Rohtas Division,"Koath SO, Bahuara BO",+91 98900 83795,http://www.meraloandoctor.com/,4.8,,"Office no 1, 3rd floor, Aditya Centeegra, Ferguson College Rd, near IDBI Bank, Shivajinagar, Pune, Maharashtra 411004",Shivajinagar,18.5264252,73.84155969999999,ChIJ4da7pxW_wjsRvp3w9knz_Xs,https://www.google.com/maps/place/?q=place_id:ChIJ4da7pxW_wjsRvp3w9knz_Xs,part_377,2026-09-20 20:32:00,32254
Hexafin,Home Loan DSA and Loan Consultant,Loan agency,"Loan agency, Car finance and loan company, Financial consultant",802216,Bihar Circle,Patna HQ Region,Rohtas Division,"Koath SO, Bahuara BO",+91 85301 13456,https://www.hexafin.com/,4.8,,"Lloyds chambers, Office no. 101, Hexafin Consultancy pvt ltd Block 3, Mangalwar Peth, Pune, Maharashtra 411011","New Mangalwar Peth, Mangalwar Peth, Kasba Peth",18.525476599999998,73.8660639,ChIJGVKBzC7BwjsRg6yOw-uWmNw,https://www.google.com/maps/place/?q=place_id:ChIJGVKBzC7BwjsRg6yOw-uWmNw,part_377,2026-09-20 20:32:00,32255
Loansettlement,Home Loan DSA and Loan Consultant,Financial institution,"Financial institution, Service establishment",802219,Bihar Circle,Patna HQ Region,Rohtas Division,"Rajpur SO Rohtas, Bisheni Kala BO, Bishunpur BO",+91 80 4718 5085,http://loansettlement.com/,4.1,,"Loansettlement, 802219, India",802219,21.0680074,82.7525294,ChIJe2ajyFDkDDkRuFnLQ-_6QKI,https://www.google.com/maps/place/?q=place_id:ChIJe2ajyFDkDDkRuFnLQ-_6QKI,part_377,2026-09-20 20:33:41,34073
Line one DSA wala,Home Loan DSA and Loan Consultant,Financial advisor,Financial advisor,802220,Bihar Circle,Patna HQ Region,Rohtas Division,"Sanjhauli SO, Bensagar BO, Itriya BO",N/A,N/A,5.0,8.0,"Bakshi Complex, Plot No. 68, Zone-II, Maharana Pratap Nagar, Bhopal, Madhya Pradesh 462011","Zone-II, Maharana Pratap Nagar",23.232661999999998,77.4350503,ChIJRcSUQ8pDfDkRRfmpdEor7e8,https://www.google.com/maps/place/?q=place_id:ChIJRcSUQ8pDfDkRRfmpdEor7e8,part_377,2026-09-20 20:34:14,34589
Capital Corp,Home Loan DSA and Loan Consultant,Loan agency,"Loan agency, Financial institution",802220,Bihar Circle,Patna HQ Region,Rohtas Division,"Sanjhauli SO, Bensagar BO, Itriya BO",+91 80 4128 5070,http://www.capitalcorp.in/,4.8,833.0,"2nd floor, Capital Corp CRV Tower, 46/5, 8th Main Rd, near MES college, Malleshwaram, Bengaluru, Karnataka 560055",Malleshwaram,13.006141,77.56461399999999,ChIJTcZPfDEWrjsRwL0RgopuM4o,https://www.google.com/maps/place/?q=place_id:ChIJTcZPfDEWrjsRwL0RgopuM4o,part_377,2026-09-20 20:34:14,34590
Nexora Capital,Home Loan DSA and Loan Consultant,Loan agency,Loan agency,802220,Bihar Circle,Patna HQ Region,Rohtas Division,"Sanjhauli SO, Bensagar BO, Itriya BO",+91 88896 66788,https://www.nexoracapital.in/,5.0,17.0,"Second Floor, House No. 55, Nexora Capital (Head Office, Ahinsa Vihar Colony, Ayodhya Bypass, Bhopal, Madhya Pradesh 462041","Bhavna Nagar, Ahinsa Vihar Colony, Ayodhya Bypass",23.2657326,77.47138869999999,ChIJVfRtLuVrfDkRBa9eCGOL6v8,https://www.google.com/maps/place/?q=place_id:ChIJVfRtLuVrfDkRBa9eCGOL6v8,part_377,2026-09-20 20:34:14,34591
Subhanshu Fin Corp,Home Loan DSA and Loan Consultant,Loan agency,"Loan agency, Service establishment",802220,Bihar Circle,Patna HQ Region,Rohtas Division,"Sanjhauli SO, Bensagar BO, Itriya BO",+91 97188 08088,https://subhanshufincorp.com/,5.0,1.0,"Subhanshu Fin Corp, 802220, India",802220,28.587393499999997,77.17272439999999,ChIJV1lD1VgD94ERrxTuBpWigfA,https://www.google.com/maps/place/?q=place_id:ChIJV1lD1VgD94ERrxTuBpWigfA,part_377,2026-09-20 20:34:14,34592
Dr finañce,Home Loan DSA and Loan Consultant,Financial consultant,"Financial consultant, Service establishment",802222,Bihar circle,Patna HQ Region,Bhojpur Division,"Andhari BO, Bagar BO, Imadpur BO",+91 99905 07355,N/A,3.5,,"Dr finañce, 802222, India",802222,28.1908362,79.25724679999999,ChIJR5AmTsYHDTkRpO-sRbXkKkg,https://www.google.com/maps/place/?q=place_id:ChIJR5AmTsYHDTkRpO-sRbXkKkg,part_377,2026-09-20 20:35:20,35423
Loan Wise Financial,Home Loan DSA and Loan Consultant,Legal services,"Legal services, Service establishment",802222,Bihar circle,Patna HQ Region,Bhojpur Division,"Andhari BO, Bagar BO, Imadpur BO",+91 96544 49005,http://loanwisefinancial.com/,2.9,,"Loan Wise Financial, 802222, India",802222,21.0680074,82.7525294,ChIJe2ajyFDkDDkRThPsuhA8fDM,https://www.google.com/maps/place/?q=place_id:ChIJe2ajyFDkDDkRThPsuhA8fDM,part_377,2026-09-20 20:35:20,35424
Gautam Finance Consultants,Home Loan DSA and Loan Consultant,Financial institution,"Financial institution, Service establishment",802223,Bihar circle,Patna HQ Region,Bhojpur Division,"Chandi BO, Koil BO, Kumhaila BO",N/A,N/A,2.0,,"Gautam Finance Consultants, 802223, India",802223,23.3427927,77.9917712,ChIJG3rDtElDfDkR08uC8BkPcN0,https://www.google.com/maps/place/?q=place_id:ChIJG3rDtElDfDkR08uC8BkPcN0,part_377,2026-09-20 20:35:52,36293
Personal loan,Home Loan DSA and Loan Consultant,Loan agency,"Loan agency, Service establishment",802223,Bihar circle,Patna HQ Region,Bhojpur Division,"Chandi BO, Koil BO, Kumhaila BO",+91 99901 44355,N/A,3.1,,"Personal loan, 802223, India",802223,22.5797234,75.48862419999999,ChIJJfxEhMvjYjkRf-mxedA0Q1g,https://www.google.com/maps/place/?q=place_id:ChIJJfxEhMvjYjkRf-mxedA0Q1g,part_377,2026-09-20 20:35:52,36294
INTRUST FINANCIAL SERVICES (INDIA) PVT LTD,Home Loan DSA and Loan Consultant,Financial consultant,"Financial consultant, Loan agency",802223,Bihar circle,Patna HQ Region,Bhojpur Division,"Chandi BO, Koil BO, Kumhaila BO",+91 1800 203 0052,https://intrustfinanceindia.com/,4.8,,"TF-312, Aashima Mall, MM09, Narmadapuram Rd, Danish Nagar, Bagmugaliya, Bhopal, Madhya Pradesh 462026","Danish Nagar, Bagmugaliya",23.1827675,77.4562626,ChIJbxdoBpdDfDkR2U4aNUq2M24,https://www.google.com/maps/place/?q=place_id:ChIJbxdoBpdDfDkR2U4aNUq2M24,part_377,2026-09-20 20:35:52,36295
Capital Need,Home Loan DSA and Loan Consultant,Loan agency,"Loan agency, Financial consultant",802223,Bihar circle,Patna HQ Region,Bhojpur Division,"Chandi BO, Koil BO, Kumhaila BO",+91 11 4101 2030,http://capitalneed.com/,4.9,,"B-1, 2nd floor, Uberoi Compound, Ghisa, Dilshad Garden, Delhi, 110095","Uberoi Compound, Ghisa, Dilshad Garden",28.6766749,77.3210569,ChIJPcZaXqj7DDkRlOGBMzcwyUg,https://www.google.com/maps/place/?q=place_id:ChIJPcZaXqj7DDkRlOGBMzcwyUg,part_377,2026-09-20 20:35:53,36296
"Reliable Finance & Investment : Finance Company at Kolar Bhopal, Loan DSA in Kolar Bhopal , Loan Finance Companies in Bhopal",Home Loan DSA and Loan Consultant,Loan agency,Loan agency,802223,Bihar circle,Patna HQ Region,Bhojpur Division,"Chandi BO, Koil BO, Kumhaila BO",+91 83190 63870,http://www.reliablefinanceindia.com/,4.9,,"Kolar Rd, Chuna Bhatti, Bhopal, Rasuliya Inayatpur, Madhya Pradesh 462042",Chuna Bhatti,23.1348809,77.4073861,ChIJbQtAdJNFfDkRYR8b3lPhFaY,https://www.google.com/maps/place/?q=place_id:ChIJbQtAdJNFfDkRYR8b3lPhFaY,part_377,2026-09-20 20:35:53,36297
Home Loans In Delhi - Loan Lo India,Home Loan DSA and Loan Consultant,Loan agency,"Loan agency, Property investment company, Real estate consultant",802223,Bihar circle,Patna HQ Region,Bhojpur Division,"Chandi BO, Koil BO, Kumhaila BO",+91 93131 38284,N/A,4.9,,"WZ-42, 1st Floor, Basai Dara Pur, Moti Nagar, New Delhi, Delhi 110015","Block WZ, Basai Dara pur, Bali Nagar",28.6565357,77.13284139999999,ChIJFVVVOQkDDTkR62itK6bCok4,https://www.google.com/maps/place/?q=place_id:ChIJFVVVOQkDDTkR62itK6bCok4,part_377,2026-09-20 20:35:53,36298
Astra funds finance provider,Home Loan DSA and Loan Consultant,Loan agency,"Loan agency, Finance broker, Mortgage broker, Real estate consultant",802223,Bihar circle,Patna HQ Region,Bhojpur Division,"Chandi BO, Koil BO, Kumhaila BO",+91 98997 10462,https://astra-funds-finance.grexa.site/,5.0,,"fast floor, Shop No, 176, Chetan Basti, Block J, Rajendra place, Anand Parbat, New Delhi, Delhi, 110008","Chetan Basti, Block J, Rajendra place, Anand Parbat",28.663852799999997,77.166513,ChIJJ3lfnREDDTkRQWc0Swum97g,https://www.google.com/maps/place/?q=place_id:ChIJJ3lfnREDDTkRQWc0Swum97g,part_377,2026-09-20 20:35:53,36299
Loan Solutions,Home Loan DSA and Loan Consultant,Financial consultant,Financial consultant,802223,Bihar circle,Patna HQ Region,Bhojpur Division,"Chandi BO, Koil BO, Kumhaila BO",+91 89538 41637,N/A,4.5,,"5/120, Near Amity International School, Viraj Khand - 5, Viraj Khand, Gomti Nagar, Lucknow, Uttar Pradesh 226010","Viraj Khand - 5, Viraj Khand, Gomti Nagar",26.856448999999998,81.02543899999999,ChIJfwwDMvHimzkR86J0GPvLXdk,https://www.google.com/maps/place/?q=place_id:ChIJfwwDMvHimzkR86J0GPvLXdk,part_377,2026-09-20 20:35:53,36300
Anaadi Financial Services ( Home Loan & LAP ),Home Loan DSA and Loan Consultant,Financial institution,Financial institution,802223,Bihar circle,Patna HQ Region,Bhojpur Division,"Chandi BO, Koil BO, Kumhaila BO",+91 96508 19515,N/A,,,"H no 316, Gali No. 7A, near Amrit Vihar, New, Burari, New Division, Delhi, 110084","New, Burari",28.762559999999997,77.1798325,ChIJAQCU0zMADTkR8mw1ei7iJ30,https://www.google.com/maps/place/?q=place_id:ChIJAQCU0zMADTkR8mw1ei7iJ30,part_377,2026-09-20 20:35:53,36301
HOME LOANS FOR ALL,Home Loan DSA and Loan Consultant,Loan agency,"Loan agency, Service establishment",802223,Bihar circle,Patna HQ Region,Bhojpur Division,"Chandi BO, Koil BO, Kumhaila BO",+91 94258 73612,N/A,5.0,,"HOME LOANS FOR ALL, 802223, India",802223,21.0680074,82.7525294,ChIJz39xSRGwKjoRpZmFELZI3Tk,https://www.google.com/maps/place/?q=place_id:ChIJz39xSRGwKjoRpZmFELZI3Tk,part_377,2026-09-20 20:35:53,36302
LIC HOME LOANS,Home Loan DSA and Loan Consultant,Loan agency,"Loan agency, Service establishment",802223,Bihar circle,Patna HQ Region,Bhojpur Division,"Chandi BO, Koil BO, Kumhaila BO",+91 97567 97374,N/A,5.0,,"LIC HOME LOANS, 802223, India",802223,28.458720099999997,78.0397456,ChIJOyxtrH2PDDkR2QOt5WlMLj4,https://www.google.com/maps/place/?q=place_id:ChIJOyxtrH2PDDkR2QOt5WlMLj4,part_377,2026-09-20 20:35:53,36303
WealthShakti,Home Loan DSA and Loan Consultant,Loan agency,"Loan agency, Car finance and loan company, Financial consultant, Mortgage broker, Mortgage lender",802226,Bihar Circle,Patna HQ Region,Rohtas Division,"Dawath SO, A Kala BO",+91 99107 48000,https://wealthshakti.in/,5.0,,"PANCHSHEEL PRATISHTHA, Gardenia Gateway, Sector 75, Noida, Uttar Pradesh 201304","Gardenia Gateway, Sector 75",28.5742276,77.3837609,ChIJMe33vRDnDDkRf9sGui8L3fw,https://www.google.com/maps/place/?q=place_id:ChIJMe33vRDnDDkRf9sGui8L3fw,part_377,2026-09-20 20:36:26,37067
Loan Consultant-housing loans-plot loans-mortgage loans-business loans-loans against properties,Home Loan DSA and Loan Consultant,Loan agency,"Loan agency, Mortgage broker, Mortgage lender",802226,Bihar Circle,Patna HQ Region,Rohtas Division,"Dawath SO, A Kala BO",+91 73730 67007,N/A,,,"17, Tiruporur Main Road, Hasthinapuram, Chromepet, Tambaram, Tamil Nadu 600064","Hasthinapuram, Chromepet",12.9406786,80.1509244,ChIJ2apbgfheUjoRxs-brlTzCR4,https://www.google.com/maps/place/?q=place_id:ChIJ2apbgfheUjoRxs-brlTzCR4,part_377,2026-09-20 20:36:26,37068
DELIGHT CONSULTANCY SERVICES,Home Loan DSA and Loan Consultant,Financial consultant,"Financial consultant, Tax consultant",802311,Bihar circle,Patna HQ Region,Bhojpur Division,"Bakhorapur BO, Ekauna BO, Lauhar Farna BO",+91 95408 77911,http://www.delightconsultancyservices.com/,4.9,,"BASANT MARKET, Akharaghat Rd, near OM BUILDING, New Zero Mile, Muzaffarpur, Shekhpur, Bihar 842001",New Zero Mile,26.145497,85.38859939999999,ChIJLZauIPgR7TkRvZPPD4KNNMw,https://www.google.com/maps/place/?q=place_id:ChIJLZauIPgR7TkRvZPPD4KNNMw,part_377,2026-09-20 20:38:10,39263
Moratorium Financial Services,Home Loan DSA and Loan Consultant,Loan agency,"Loan agency, Business to business service, Car finance and loan company, Consultant, Credit counseling service, Financial consultant, Financial planner, Mortgage broker, Mortgage lender",802312,Bihar circle,Patna HQ Region,Bhojpur Division,"Bampali BO, Barka Dumra BO, Belghat Balua BO",+91 84888 44116,https://www.moratoriumfinserv.com/?utm_source=google&utm_medium=organic&utm_campaign=gbp,4.9,,"A/824, Sun Westbank, Ashram Rd, opp. City Gold Cinema, Ahmedabad, Gujarat 380009","Vishalpur, Muslim Society, Navrangpura",23.0313533,72.5713773,ChIJk7eqWLOFXjkRRESRcR8fIDA,https://www.google.com/maps/place/?q=place_id:ChIJk7eqWLOFXjkRRESRcR8fIDA,part_377,2026-09-20 20:38:47,39828
GS FINANCIAL SERVICE,Home Loan DSA and Loan Consultant,Financial consultant,Financial consultant,802313,Bihar circle,Patna HQ Region,Bhojpur Division,"Daulatpur BO, Krishnagarh BO, Saraiyan BO",+91 70384 44566,https://gsfinancenagpur.com/,4.9,,"Plot No.2, Manewada Rd, opp. PYRAMID TUTION CLASSEs, Near Siddheshwar Hall, Ambika Nagar, Ayodhya nagar, Nagpur, Maharashtra 440024","Near Siddheshwar Hall, Ambika Nagar, Ayodhya nagar",21.1165623,79.1044825,ChIJU20PThC_1DsRkzcIP9Ystrs,https://www.google.com/maps/place/?q=place_id:ChIJU20PThC_1DsRkzcIP9Ystrs,part_377,2026-09-20 20:39:22,40961
MB Loans Agency,Home Loan DSA and Loan Consultant,Financial consultant,"Financial consultant, Service establishment",802314,Bihar circle,Patna HQ Region,Bhojpur Division,"Birampur BO, Bishunpur Dumaria BO, Gidha BO",+91 88778 32474,https://sites.google.com/view/mbloansagency,,,"MB Loans Agency, 802314, India",802314,26.5815622,85.502714,ChIJYal2RlN1kWIRGVudvDxd1PI,https://www.google.com/maps/place/?q=place_id:ChIJYal2RlN1kWIRGVudvDxd1PI,part_377,2026-09-20 20:39:57,41497
Cholamandalam Investment and Finance Company Limited,Home Loan DSA and Loan Consultant,Loan agency,"Loan agency, Car finance and loan company, Finance broker, Financial advisor, Financial institution, Mortgage lender",802316,Bihar circle,Patna HQ Region,Bhojpur Division,"Mahulighat BO, Nathmalpur BO, Prashurampur BO",+91 80 4869 5798,https://www.cholamandalam.com/branch/jhanjharpur,5.0,2.0,"1st Floor, S Kumar & S Kumari Complex, Navtol Rd, near Soni Talkies, Jhanjharpur, Behat North, Bihar 847404",802316,26.2292496,86.2654408,ChIJDWOim7157jkRJbOUpRYioxs,https://www.google.com/maps/place/?q=place_id:ChIJDWOim7157jkRJbOUpRYioxs,part_377,2026-09-20 20:40:32,42030
Cholamandalam Investment and Finance Company Limited,Home Loan DSA and Loan Consultant,Loan agency,"Loan agency, Car finance and loan company, Finance broker, Financial advisor, Financial institution, Mortgage lender",802351,Bihar circle,Patna HQ Region,Bhojpur Division,"Balua High School BO, Lachhutola BO, Lahang Dumaria BO",+91 80 4446 5162,https://www.cholamandalam.com/branch/pitambar-nagar,4.2,15.0,"2nd Floor, Shushila Complex, Ara Road, opp. ESIC Hospital & NDRF, Khedalpura, Bihta, Kateshar, Bihar 801103",Khedalpura,25.572262799999997,84.85742979999999,ChIJz1kWsXCrkjkRkNQvuuRbmQY,https://www.google.com/maps/place/?q=place_id:ChIJz1kWsXCrkjkRkNQvuuRbmQY,part_377,2026-09-20 20:41:07,42426
Cholamandalam Investment and Finance Company Limited,Home Loan DSA and Loan Consultant,Loan agency,"Loan agency, Car finance and loan company, Finance broker, Financial advisor, Financial institution, Mortgage lender",802351,Bihar circle,Patna HQ Region,Bhojpur Division,"Balua High School BO, Lachhutola BO, Lahang Dumaria BO",+91 80 4446 6080,https://www.cholamandalam.com/branch/supaul-bazar,5.0,14.0,"1st Floor Dumri More, Supaul Bazar, above Ganga Tractor, Zero Mile, Biraul, Bihar 847203",Zero Mile,25.9474052,86.2376795,ChIJV6AWmjLh7TkRByDd3nbm5UU,https://www.google.com/maps/place/?q=place_id:ChIJV6AWmjLh7TkRByDd3nbm5UU,part_377,2026-09-20 20:41:07,42427
Loan Consultancy,Home Loan DSA and Loan Consultant,Loan agency,Loan agency,802352,Bihar circle,Patna HQ Region,Bhojpur Division,"Jalpura BO, Jokta BO, Nasaratpur BO",+91 82002 52041,N/A,4.6,,"32 New Ashok nagar society, Ahmedabad, Gujarat 380021","Rajpur Hirpur, Gomtipur",23.014717299999997,72.6155959,ChIJm1LCUDWHXjkRXSZEH_RQKJQ,https://www.google.com/maps/place/?q=place_id:ChIJm1LCUDWHXjkRXSZEH_RQKJQ,part_377,2026-09-20 20:41:41,43582
Vardhman Advisors,Home Loan DSA and Loan Consultant,Loan agency,"Loan agency, Credit counseling service, Financial consultant, Financial planner, Investment service",802352,Bihar circle,Patna HQ Region,Bhojpur Division,"Jalpura BO, Jokta BO, Nasaratpur BO",+91 93281 33904,N/A,4.8,,"FF, Shop no 32, SHIVALAY RESIDENCY, Kudasan, Gandhinagar, Gujarat 382419",Kudasan,23.1786685,72.62934589999999,ChIJ6z06P0YrXDkRFN-l4330V1Y,https://www.google.com/maps/place/?q=place_id:ChIJ6z06P0YrXDkRFN-l4330V1Y,part_377,2026-09-20 20:41:41,43583
EASY FINANCE WALE,Home Loan DSA and Loan Consultant,Loan agency,"Loan agency, Financial consultant, Insurance agency",802352,Bihar circle,Patna HQ Region,Bhojpur Division,"Jalpura BO, Jokta BO, Nasaratpur BO",+91 90169 94280,https://easyfinancewale.com/,4.8,,"Sun West Bank, A-439, Ashram Rd, opp. City Gold Cinema, Vishalpur, Muslim Society, Navrangpura, Ahmedabad, Gujarat 380014","Vishalpur, Muslim Society, Navrangpura",23.0313403,72.5712076,ChIJR5hlhmGEXjkRqGtbzrX3vow,https://www.google.com/maps/place/?q=place_id:ChIJR5hlhmGEXjkRqGtbzrX3vow,part_377,2026-09-20 20:41:41,43584
i-Deals,Home Loan DSA and Loan Consultant,Loan agency,Loan agency,802352,Bihar circle,Patna HQ Region,Bhojpur Division,"Jalpura BO, Jokta BO, Nasaratpur BO",+91 94098 29030,http://www.i-deals.co.in/,4.9,114.0,"i-Deals, 407, 4th floor - Arizona Building, Ashram Rd, opp. GUJARAT VIDYAPITH, Usmanpura, Ahmedabad, Gujarat 380009",Usmanpura,23.0446295,72.5702416,ChIJmdoa-4SFXjkR5qR8NDK_k7M,https://www.google.com/maps/place/?q=place_id:ChIJmdoa-4SFXjkR5qR8NDK_k7M,part_377,2026-09-20 20:41:42,43585
Personal Loan DSA,Home Loan DSA and Loan Consultant,Loan agency,Loan agency,802352,Bihar circle,Patna HQ Region,Bhojpur Division,"Jalpura BO, Jokta BO, Nasaratpur BO",+91 98400 99898,N/A,4.8,13.0,"# 47, Railway Border Rd, Taylor Estate, Kodambakkam, Chennai, Tamil Nadu 600024","Taylor Estate, Kodambakkam",13.0528348,80.23042679999999,ChIJ_ZTetvlmUjoR_NBTB9z8djo,https://www.google.com/maps/place/?q=place_id:ChIJ_ZTetvlmUjoR_NBTB9z8djo,part_377,2026-09-20 20:41:42,43586
Loans Paradise,Home Loan DSA and Loan Consultant,Loan agency,"Loan agency, Agricultural Loan Agency, Business development service, Car finance and loan company, Credit counseling service, Finance broker, Financial consultant, Financial institution, Mortgage broker, Mortgage lender",803101,Bihar Circle,"East Region, Bhagalpur",Nalanda Division,"Biharsharif HO, Alinagar SO, Amber SO",+91 81216 66902,https://www.loansparadise.com/,4.9,,"303, minerva complex, SD road, Opp: MC Donald, Secunderabad, Telangana 500003",Kalasiguda,17.441289899999997,78.491187,ChIJ75cllkGbyzsRe9cZ4rB8pXM,https://www.google.com/maps/place/?q=place_id:ChIJ75cllkGbyzsRe9cZ4rB8pXM,part_377,2026-09-20 20:42:19,46216
Piramal Finance Limited,Home Loan DSA and Loan Consultant,Loan agency,"Loan agency, Financial advisor, Financial institution, Low income housing program, Mortgage lender",803107,Bihar Circle,"East Region, Bhagalpur",Nalanda Division,"Asthawan SO, Abdachak BO, Andi BO",+91 1800 266 6444,https://www.piramalfinance.com/branch-locator/loans-in-patna-bihar-6212,4.6,,"Unit No F1 to F14, 1st Floor, Pushpanjali Palace, Mainboring Rd, Nageshwar Colony, Chauraha, Patna, Bihar 800001","Nageshwar Colony, Chauraha",25.6121053,85.11964069999999,ChIJgfeAsV5Y7TkRQO3hXjSuZxU,https://www.google.com/maps/place/?q=place_id:ChIJgfeAsV5Y7TkRQO3hXjSuZxU,part_377,2026-09-20 20:42:55,47903
SD Financial,Home Loan DSA and Loan Consultant,Loan agency,"Loan agency, Agricultural Loan Agency, Car finance and loan company, Finance broker, Financial institution",803108,Bihar Circle,"East Region, Bhagalpur",Nalanda Division,"Chandi SO, Badhauna BO, Bhadru BO",+91 96707 06522,https://sdfinancial.in/,5.0,113.0,"Chiyabari, Kotwali Rd, Gandhi Nagar, Basti, Uttar Pradesh 272001",Gandhi Nagar,26.8001725,82.7527921,ChIJHXQjYgrRkDkRyFVZhNQnIdM,https://www.google.com/maps/place/?q=place_id:ChIJHXQjYgrRkDkRyFVZhNQnIdM,part_377,2026-09-20 20:43:28,49277
Loan Mantra,Home Loan DSA and Loan Consultant,Loan agency,Loan agency,803108,Bihar Circle,"East Region, Bhagalpur",Nalanda Division,"Chandi SO, Badhauna BO, Bhadru BO",+91 98358 88660,N/A,3.4,10.0,"M & J complex, opposite reddison blu hotel, Main Rd, above maruti nexa showroom, Ranchi, Jharkhand 834001",Hindpiri,23.350886,85.32418729999999,ChIJnXFRoafh9DkR0YjvLyseXtQ,https://www.google.com/maps/place/?q=place_id:ChIJnXFRoafh9DkR0YjvLyseXtQ,part_377,2026-09-20 20:43:30,49278
Smart loans solutions,Home Loan DSA and Loan Consultant,Mortgage broker,"Mortgage broker, Business development service",803109,Bihar circle,"East Region, Bhagalpur",Nawadha Division,"Adampur BO, Bindidih BO, Gopalpur BO",+91 80884 47608,https://smart-loan-solutions.grexa.site/,5.0,,"3rd Phase, Manjunath layout, 07, Sy no 94, Vijinapra, Bengaluru, Karnataka 560016","Vijinapra, Dooravani Nagar",13.002458899999999,77.67271,ChIJP8j-lJoRrjsRskytD-tmbN4,https://www.google.com/maps/place/?q=place_id:ChIJP8j-lJoRrjsRskytD-tmbN4,part_377,2026-09-20 20:44:03,51460
loan service providers,Home Loan DSA and Loan Consultant,Loan agency,Loan agency,803109,Bihar circle,"East Region, Bhagalpur",Nawadha Division,"Adampur BO, Bindidih BO, Gopalpur BO",N/A,https://www.allsafeloan.com/2023/08/best-personal-loan-apply-online.html?m=1#more,4.6,,"flat no 10 Guruwar Peth Panch Houd ST. Thomas School Compound, Swargate, Pune, Maharashtra 411042","Lohiya Nagar Slum Area, Mahatma Phule Peth, Swargate",18.5030715,73.866033,ChIJjSbIGT7AwjsRu-seY7G6_pI,https://www.google.com/maps/place/?q=place_id:ChIJjSbIGT7AwjsRu-seY7G6_pI,part_377,2026-09-20 20:44:04,51461
Lotus Finserv,Home Loan DSA and Loan Consultant,Financial consultant,"Financial consultant, Service establishment",803110,Bihar Circle,"East Region, Bhagalpur",Nalanda Division,"Harnaut SO, Badarbali BO, Bajitpur Mudhari BO",+91 82600 61125,http://www.lotusfinserv.in/,4.7,,"Lotus Finserv, 803110, India",803110,21.0680074,82.7525294,ChIJTTTReS8LGToRFZ-PwOEbqKk,https://www.google.com/maps/place/?q=place_id:ChIJTTTReS8LGToRFZ-PwOEbqKk,part_377,2026-09-20 20:45:20,52916
Shradda Associates,Home Loan DSA and Loan Consultant,Loan agency,Loan agency,803110,Bihar Circle,"East Region, Bhagalpur",Nalanda Division,"Harnaut SO, Badarbali BO, Bajitpur Mudhari BO",+91 98661 09642,N/A,3.4,19.0,"Amrutha Hills, Sapphire Apartment, Flat NO.G1, H.NO.6-3-713/A/G1, Punjagutta, Hyderabad, Telangana 500082","Punjagutta Officers Colony, Punjagutta",17.4292242,78.4529431,ChIJs8NtET2RyzsRg1N_G0nrJAY,https://www.google.com/maps/place/?q=place_id:ChIJs8NtET2RyzsRg1N_G0nrJAY,part_377,2026-09-20 20:45:20,52917
SS RK ASSOCIATES,Home Loan DSA and Loan Consultant,Loan agency,"Loan agency, Business banking service, Car finance and loan company, Dairy farm, Finance broker, Home builder, Mortgage broker, Real estate developer",803110,Bihar Circle,"East Region, Bhagalpur",Nalanda Division,"Harnaut SO, Badarbali BO, Bajitpur Mudhari BO",+91 79976 61662,N/A,4.7,111.0,"14/1, Arundelpet, Guntur, Andhra Pradesh 522002",Arundelpet,16.3062435,80.4380206,ChIJpwhss_J1SjoRlS0hiaJIHLk,https://www.google.com/maps/place/?q=place_id:ChIJpwhss_J1SjoRlS0hiaJIHLk,part_377,2026-09-20 20:45:20,52918
Dhankund Loan Services,Home Loan DSA and Loan Consultant,Loan agency,Loan agency,803111,Bihar Circle,"East Region, Bhagalpur",Nalanda Division,"Nalanda SO, Bargaon BO, Deepnagar BO",+91 62681 47177,https://www.dhankund.com/,4.8,,"No 2&3, Orbit Mall, Dhankund Loan Services, Lower ground, Glass cabin, AB Rd, Vijay Nagar, Indore, Madhya Pradesh 452010","At Orbit, Vijay Nagar, Scheme 54 PU4",22.745673,75.89417999999999,ChIJXeYfcB79YjkREKDnvihBpOU,https://www.google.com/maps/place/?q=place_id:ChIJXeYfcB79YjkREKDnvihBpOU,part_377,2026-09-20 20:45:55,54073
Vinayaka Finserv HOME LOAN,Home Loan DSA and Loan Consultant,Loan agency,"Loan agency, Car finance and loan company, Consultant, Finance broker, Financial audit, Financial consultant, Financial institution, Financial planner",803111,Bihar Circle,"East Region, Bhagalpur",Nalanda Division,"Nalanda SO, Bargaon BO, Deepnagar BO",+91 70003 32180,http://www.vinayakafinserv.com/,4.7,,"First Floor, Apollo Square, Janjeerwala Square, 123, Indore, Madhya Pradesh 452001","Janjeerwala Chouraha, Race Course Road",22.7261244,75.8809812,ChIJW_MZfbb9YjkRkdT2XSExk4c,https://www.google.com/maps/place/?q=place_id:ChIJW_MZfbb9YjkRkdT2XSExk4c,part_377,2026-09-20 20:45:55,54074
Kedanta Finance Pvt Ltd,Home Loan DSA and Loan Consultant,Loan agency,"Loan agency, Business banking service, Business development service, Car finance and loan company, Finance broker, Financial consultant, Financial institution, Financial planner, Investment service",803111,Bihar Circle,"East Region, Bhagalpur",Nalanda Division,"Nalanda SO, Bargaon BO, Deepnagar BO",+91 94250 59386,http://www.kedanta.com/,5.0,,"Muley Tower, 215-216, Mahatma Gandhi Rd, near Krishna Pura Chhatri, Riverside Road, Khatipura, Indore, Madhya Pradesh 452003","Riverside Road, Khatipura",22.7197793,75.859359,ChIJtfAs7u_9YjkRjdUj627K9CA,https://www.google.com/maps/place/?q=place_id:ChIJtfAs7u_9YjkRjdUj627K9CA,part_377,2026-09-20 20:45:55,54075
Krishna Consultancy,Home Loan DSA and Loan Consultant,Loan agency,"Loan agency, Finance broker, Insurance agency",803114,Bihar Circle,"East Region, Bhagalpur",Nalanda Division,"Parwalpur SO, Ajanaura BO, Alawan BO",N/A,http://kcloans.in/,5.0,,"Near, Nandanvan Gas Station, 203, Shri Ganesh, Alkapuri, Vadodara, Gujarat 390007","Arunoday Society, Alkapuri",22.3142723,73.17814969999999,ChIJuQMXannJXzkR2GaeaEdURTs,https://www.google.com/maps/place/?q=place_id:ChIJuQMXannJXzkR2GaeaEdURTs,part_377,2026-09-20 20:47:04,55184
BASIC Home Loan,Home Loan DSA and Loan Consultant,Financial institution,"Financial institution, Financial consultant",803114,Bihar Circle,"East Region, Bhagalpur",Nalanda Division,"Parwalpur SO, Ajanaura BO, Alawan BO",+91 72700 69008,https://www.basichomeloan.com/,4.4,182.0,"Ground Floor, Plot No - 97, Sector 44, Gurugram, Haryana 122003",Sector 44,28.4526261,77.0721621,ChIJvxRsu_YZDTkR_A_YrXT-1nA,https://www.google.com/maps/place/?q=place_id:ChIJvxRsu_YZDTkR_A_YrXT-1nA,part_377,2026-09-20 20:47:05,55185
D K SERVICE,Home Loan DSA and Loan Consultant,Loan agency,"Loan agency, Consultant, Insurance agency, Mortgage lender",803115,Bihar Circle,"East Region, Bhagalpur",Nalanda Division,"Pawapuri SO, Chorsua BO, Durgapur BO",+91 93133 66024,https://www.dkservice.in/,4.8,61.0,"Iscon Emporio, 331, nr. STAR BAZAR, nr. Jodhpur Cross Road, Satellite, Ahmedabad, Gujarat 380015",Satellite,23.0270585,72.5246422,ChIJAasXrYKFXjkRXiDqTzNwKp4,https://www.google.com/maps/place/?q=place_id:ChIJAasXrYKFXjkRXiDqTzNwKp4,part_377,2026-09-20 20:47:40,56716
