business_name,search_category,primary_category,all_categories,pincode,circle,region,division,major_offices,phone_number,website,rating,reviews_count,address,area,latitude,longitude,place_id,place_url,part_id,crawled_at,s_no
Manas Dhaba,Pure Veg Restaurant,Vegetarian restaurant,"Vegetarian restaurant, Family restaurant",802162,Bihar circle,Patna HQ Region,Bhojpur Division,"Kawara BO, Masarh BO, Saneya Barhata BO",+91 76317 34273,N/A,5.0,113.0,"Churamanpur, Bihar 802116",802162,25.5854209,84.0272786,ChIJTVE8QgB3kjkRoY00h3k5h1Q,https://www.google.com/maps/place/?q=place_id:ChIJTVE8QgB3kjkRoY00h3k5h1Q,part_377,2026-09-20 20:19:06,635
The Noble Resort And Mirch Masala Restaurant,Pure Veg Restaurant,Restaurant,"Restaurant, Resort hotel",802162,Bihar circle,Patna HQ Region,Bhojpur Division,"Kawara BO, Masarh BO, Saneya Barhata BO",+91 70703 75441,https://mirchmasalarestaurant.in/,4.4,115.0,"Dhobightwa, Jagdev Nagar, Arrah, Bihar 802302","Dhobightwa, Jagdev Nagar",25.5399238,84.6521131,ChIJ0UAjjiBfjTkR6Rahu16KTC0,https://www.google.com/maps/place/?q=place_id:ChIJ0UAjjiBfjTkR6Rahu16KTC0,part_377,2026-09-20 20:19:06,636
Sonu Hindu Hotel (Pure Veg),Pure Veg Restaurant,Restaurant,Restaurant,802162,Bihar circle,Patna HQ Region,Bhojpur Division,"Kawara BO, Masarh BO, Saneya Barhata BO",N/A,N/A,4.1,7.0,"HM36+XPF, Ara Rd, Bikramganj, Mahatma Gandhi Nagar, Bikramganj, Arrah, Bihar 802301","Bikramganj, Mahatma Gandhi Nagar",25.5549344,84.6617955,ChIJQf8kawBfjTkRShFyWw7Kdts,https://www.google.com/maps/place/?q=place_id:ChIJQf8kawBfjTkRShFyWw7Kdts,part_377,2026-09-20 20:19:06,637
Hotel The Crown Plaza,Pure Veg Restaurant,Restaurant,Restaurant,802162,Bihar circle,Patna HQ Region,Bhojpur Division,"Kawara BO, Masarh BO, Saneya Barhata BO",+91 89690 76555,http://www.hotelthecrownplaza.com/,4.0,155.0,"Dulour Rd, Jagdishpur, Bihar 802158",802162,25.4784546,84.441345,ChIJswNdGgBjjTkREFtwllPV27E,https://www.google.com/maps/place/?q=place_id:ChIJswNdGgBjjTkREFtwllPV27E,part_377,2026-09-20 20:19:06,638
Kitchen Lovers,Pure Veg Restaurant,Pizza restaurant,"Pizza restaurant, Banquet hall, Cafe, Coffee shop, Event management company, Ice cream shop, Takeout restaurant, Pasta shop, Pizza takeaway, Restaurant",802162,Bihar circle,Patna HQ Region,Bhojpur Division,"Kawara BO, Masarh BO, Saneya Barhata BO",+91 85408 27130,N/A,4.8,282.0,"Kitchen Lovers Cafeteria, Next to PNB ATM Floyover, High school, Behea, Bihar 802152",Balpar,25.561121999999997,84.45496969999999,ChIJDX6TAcBjjTkROz1Jfzp5qcA,https://www.google.com/maps/place/?q=place_id:ChIJDX6TAcBjjTkROz1Jfzp5qcA,part_377,2026-09-20 20:19:06,639
CUISINE INDIA RESTAURANT & HOTEL,Pure Veg Restaurant,Biryani restaurant,Biryani restaurant,802162,Bihar circle,Patna HQ Region,Bhojpur Division,"Kawara BO, Masarh BO, Saneya Barhata BO",N/A,N/A,4.6,21.0,"Udwant Nagar, Shivganj, Arrah, Bihar 802301","Udwant Nagar, Shivganj",25.559096399999998,84.6722944,ChIJlSwHNgBfjTkRSghD3Q_RFUc,https://www.google.com/maps/place/?q=place_id:ChIJlSwHNgBfjTkRSghD3Q_RFUc,part_377,2026-09-20 20:19:06,640
Dosa Point,Pure Veg Restaurant,Restaurant,Restaurant,802162,Bihar circle,Patna HQ Region,Bhojpur Division,"Kawara BO, Masarh BO, Saneya Barhata BO",+91 93345 30018,N/A,4.8,10.0,"Mahajan Toli no. 1, Jail Rd, Shivganj, Arrah, Bihar 802301",Shivganj,25.5602083,84.67210159999999,ChIJiQ1xQcJfjTkRIPxrR6c73G8,https://www.google.com/maps/place/?q=place_id:ChIJiQ1xQcJfjTkRIPxrR6c73G8,part_377,2026-09-20 20:19:06,641
Ranjan Hotel,Pure Veg Restaurant,Vegetarian restaurant,Vegetarian restaurant,802162,Bihar circle,Patna HQ Region,Bhojpur Division,"Kawara BO, Masarh BO, Saneya Barhata BO",+91 94700 27708,N/A,4.0,295.0,"95a, Mahavir Tola Rd, Begampur, Rajendra Nagar, Nawada, Arrah, Bihar 802301","Begampur, Rajendra Nagar, Nawada",25.5601329,84.6669101,ChIJOeYMzWBfjTkRnD0QWUO8khE,https://www.google.com/maps/place/?q=place_id:ChIJOeYMzWBfjTkRnD0QWUO8khE,part_377,2026-09-20 20:19:06,642
Shree Radha Rasoi (Cloud Kitchen- Pure Veg),Pure Veg Restaurant,Restaurant,Restaurant,802162,Bihar circle,Patna HQ Region,Bhojpur Division,"Kawara BO, Masarh BO, Saneya Barhata BO",+91 82526 63111,N/A,4.9,,"A/47, Manokamna mandir, Kalyan Vihar, Ambedkar Path, Jagdeo Path, Patna, Bihar 800014","Jagdeo Path, Magistrate Colony, Khajpura",25.6147068,85.0729751,ChIJR33WMCVX7TkRuCrxlUlQNxs,https://www.google.com/maps/place/?q=place_id:ChIJR33WMCVX7TkRuCrxlUlQNxs,part_377,2026-09-20 20:19:07,643
The Green Heaven Restaurant,Pure Veg Restaurant,Fast food restaurant,Fast food restaurant,802162,Bihar circle,Patna HQ Region,Bhojpur Division,"Kawara BO, Masarh BO, Saneya Barhata BO",N/A,N/A,4.0,,"HJ6P+CG4, Sasaram - Patna Rd, Chandawa, Arrah, Bihar 802301",Chandawa,25.561017399999997,84.636327,ChIJi0RIlYhfjTkRcvBbryAjbRE,https://www.google.com/maps/place/?q=place_id:ChIJi0RIlYhfjTkRcvBbryAjbRE,part_377,2026-09-20 20:19:07,644
Hotel jalsa & family restaurant,Pure Veg Restaurant,Restaurant,Restaurant,802162,Bihar circle,Patna HQ Region,Bhojpur Division,"Kawara BO, Masarh BO, Saneya Barhata BO",N/A,N/A,4.1,,"HJ82+PPJ, Bampali, Bihar 802312",802162,25.566847799999998,84.60176,ChIJ4YMh8dOfkjkRlbZiC7fjuXs,https://www.google.com/maps/place/?q=place_id:ChIJ4YMh8dOfkjkRlbZiC7fjuXs,part_377,2026-09-20 20:19:07,645
HOTEL THE HIGHWAY,Pure Veg Restaurant,Restaurant,"Restaurant, Banquet hall, Lawn care service, Hotel",802162,Bihar circle,Patna HQ Region,Bhojpur Division,"Kawara BO, Masarh BO, Saneya Barhata BO",+91 99315 99808,N/A,4.7,,"HH9W+H98, Sasaram - Patna Rd, Milki, Ramapur Sandia, Bihar 802312",802162,25.5689298,84.5959621,ChIJnX-94xyfkjkRFRkLAXKRYvs,https://www.google.com/maps/place/?q=place_id:ChIJnX-94xyfkjkRFRkLAXKRYvs,part_377,2026-09-20 20:19:07,646
Basant Vihar,Pure Veg Restaurant,Vegetarian restaurant,"Vegetarian restaurant, Restaurant, South Indian restaurant",802162,Bihar circle,Patna HQ Region,Bhojpur Division,"Kawara BO, Masarh BO, Saneya Barhata BO",+91 612 222 0996,N/A,4.1,,"Block-B Maurya Lok Complex, New Dak Bunglow Rd, Patna, Bihar 800001",Fraser Road Area,25.6096778,85.1341255,ChIJI_W8u0NY7TkRECJugUH6lRE,https://www.google.com/maps/place/?q=place_id:ChIJI_W8u0NY7TkRECJugUH6lRE,part_377,2026-09-20 20:19:07,647
Standard 52,Pure Veg Restaurant,Restaurant,Restaurant,802162,Bihar circle,Patna HQ Region,Bhojpur Division,"Kawara BO, Masarh BO, Saneya Barhata BO",+91 62095 74131,https://instagram.com/standard.52?igshid=YmMyMTA2M2Y=,4.0,,"GMR3+C3G, Jagdev Nagar, Arrah, Bihar 802302",Jagdev Nagar,25.5410239,84.6527555,ChIJ17fktNtfjTkRoRAcM5sfjV0,https://www.google.com/maps/place/?q=place_id:ChIJ17fktNtfjTkRoRAcM5sfjV0,part_377,2026-09-20 20:19:07,648
जय माता दी लाइन होटल बगवा,Pure Veg Restaurant,Dhaba,Dhaba,802162,Bihar circle,Patna HQ Region,Bhojpur Division,"Kawara BO, Masarh BO, Saneya Barhata BO",N/A,N/A,4.0,,"Arrah - Sasaram Rd, Bagawa, Bihar 802203",802162,25.425906599999998,84.57972869999999,ChIJKYPOstFnjTkRQ1pM1h1RS6c,https://www.google.com/maps/place/?q=place_id:ChIJKYPOstFnjTkRQ1pM1h1RS6c,part_377,2026-09-20 20:19:07,649
Roll house,Pure Veg Restaurant,Fast food restaurant,Fast food restaurant,802162,Bihar circle,Patna HQ Region,Bhojpur Division,"Kawara BO, Masarh BO, Saneya Barhata BO",N/A,N/A,4.3,,"HM34+724, Shivpuri Katira, Katira, Arrah, Bihar 802301","Shivpuri Katira, Katira",25.553129199999997,84.65507459999999,ChIJMyRSjslfjTkRWDheW8LL8-s,https://www.google.com/maps/place/?q=place_id:ChIJMyRSjslfjTkRWDheW8LL8-s,part_377,2026-09-20 20:19:07,650
POLIKA - Pure Veg Restaurant,Pure Veg Restaurant,Restaurant,Restaurant,802162,Bihar circle,Patna HQ Region,Bhojpur Division,"Kawara BO, Masarh BO, Saneya Barhata BO",+91 72810 00099,N/A,4.3,228.0,"Ashoka Palace, near Kashyap Marriage hall, near ASHOK PURI, Jyotipuram Colony, CHOWK, Patna, Bihar 800014","Jyotipuram Colony, CHOWK",25.608766799999998,85.0779293,ChIJbcbczmpX7TkRCfo3etAHqYo,https://www.google.com/maps/place/?q=place_id:ChIJbcbczmpX7TkRCfo3etAHqYo,part_377,2026-09-20 20:19:08,651
Shantilal's Sweets and Restaurants,Pure Veg Restaurant,Vegetarian restaurant,"Vegetarian restaurant, Bakery and Cake Shop, Snack bar, Vegan restaurant, Restaurant",802162,Bihar circle,Patna HQ Region,Bhojpur Division,"Kawara BO, Masarh BO, Saneya Barhata BO",+91 95703 03303,https://shantilals.com/,4.1,1305.0,"4th & 5th floor, Bhagyamani Complex, Danapur - Khagaul Rd, above Reliance Digital, Saguna More, Kaliket Nagar, Patna, Bihar 801503","Saguna More, Kaliket Nagar",25.6226158,85.0418105,ChIJT6GI5GVX7TkRqizzlm6qb7s,https://www.google.com/maps/place/?q=place_id:ChIJT6GI5GVX7TkRqizzlm6qb7s,part_377,2026-09-20 20:19:08,652
Patna Rasoi,Pure Veg Restaurant,Vegetarian restaurant,"Vegetarian restaurant, Breakfast restaurant, Cafe, Chinese restaurant, North Indian restaurant, South Indian restaurant",802162,Bihar circle,Patna HQ Region,Bhojpur Division,"Kawara BO, Masarh BO, Saneya Barhata BO",N/A,N/A,3.9,1565.0,"Marwari Awash Griha Campus, Fraser Road Area, Patna, Bihar 800001","Bander Bagicha, Fraser Road Area",25.6083407,85.1371168,ChIJcwAAAExY7TkRWsShu8Vqj8M,https://www.google.com/maps/place/?q=place_id:ChIJcwAAAExY7TkRWsShu8Vqj8M,part_377,2026-09-20 20:19:08,653
Namaste Bihar Restaurant,Pure Veg Restaurant,Fine dining restaurant,Fine dining restaurant,802163,Bihar circle,Patna HQ Region,Bhojpur Division,"Babhangawan BO, Babura BO, Bagmajhauan BO",+91 86513 14046,N/A,4.0,144.0,"Sasaram - Patna Rd, Gidha Industrial Area, Chowk, Sakaddi, Arrah, Bihar 802160","Gidha Industrial Area, Chowk",25.581674399999997,84.759941,ChIJxUNNcQWnkjkRP0po1o2B7XI,https://www.google.com/maps/place/?q=place_id:ChIJxUNNcQWnkjkRP0po1o2B7XI,part_377,2026-09-20 20:19:45,5936
SUFI RESTAURANT,Pure Veg Restaurant,Family restaurant,"Family restaurant, Chinese takeaway, Non Vegetarian Restaurant",802163,Bihar circle,Patna HQ Region,Bhojpur Division,"Babhangawan BO, Babura BO, Bagmajhauan BO",+91 96316 32772,N/A,4.4,182.0,"Thana road, chowk, Koilwar, Bihar 802160",chowk,25.578151599999998,84.7938339,ChIJ7zE3Kk2pkjkRe2QKTqnJ7B4,https://www.google.com/maps/place/?q=place_id:ChIJ7zE3Kk2pkjkRe2QKTqnJ7B4,part_377,2026-09-20 20:19:45,5937
Sangam Hotel & Restaurant,Pure Veg Restaurant,Restaurant,Restaurant,802163,Bihar circle,Patna HQ Region,Bhojpur Division,"Babhangawan BO, Babura BO, Bagmajhauan BO",+91 92045 43189,N/A,3.8,211.0,"Kolhrampur, Babura - Koilwar Rd, Bhojpur, Barhara, Arrah, Bihar 802163",Bhojpur,25.6527709,84.7844191,ChIJTfSBp7qokjkRFsTAQ4DJ540,https://www.google.com/maps/place/?q=place_id:ChIJTfSBp7qokjkRFsTAQ4DJ540,part_377,2026-09-20 20:19:45,5938
"The Skylite Hotel, Banquet Hall and Restaurant",Pure Veg Restaurant,Indian restaurant,"Indian restaurant, Banquet hall, Hotel, Resort hotel",802163,Bihar circle,Patna HQ Region,Bhojpur Division,"Babhangawan BO, Babura BO, Bagmajhauan BO",+91 72504 42262,http://www.theskylitehotelbenquethall.com/,4.3,199.0,"HPJ6+GQH, Sasaram - Patna Rd, Kaem Nagar, Arrah, Bihar 802314",Kaem Nagar,25.5815213,84.71273049999999,ChIJ48KDCf6nkjkRR23RTI7_n5M,https://www.google.com/maps/place/?q=place_id:ChIJ48KDCf6nkjkRR23RTI7_n5M,part_377,2026-09-20 20:19:45,5939
Vrindavan Bhog -Sweets Chaat &Restaurant,Pure Veg Restaurant,Restaurant,"Restaurant, Sweet shop, Indian restaurant",802163,Bihar circle,Patna HQ Region,Bhojpur Division,"Babhangawan BO, Babura BO, Bagmajhauan BO",+91 91998 66766,N/A,4.2,192.0,"Maner Road, chauraha (Chowk, opp. Hanuman mandir, Pitambar Nagar, Bihta, Bihar 801103",Pitambar Nagar,25.573886899999998,84.8704204,ChIJbd_ZeWOrkjkRuLzbsY41v_4,https://www.google.com/maps/place/?q=place_id:ChIJbd_ZeWOrkjkRuLzbsY41v_4,part_377,2026-09-20 20:19:45,5940
Vrindavan Pure Veg Family Restaurant,Pure Veg Restaurant,Vegetarian restaurant,"Vegetarian restaurant, Restaurant",802163,Bihar circle,Patna HQ Region,Bhojpur Division,"Babhangawan BO, Babura BO, Bagmajhauan BO",N/A,N/A,3.3,19.0,"Thana marg, Saran, Chapra, Athasia, Bihar 841301",Saran,25.778347099999998,84.743628,ChIJ5YBATAC7kjkRerx5GI9DrWE,https://www.google.com/maps/place/?q=place_id:ChIJ5YBATAC7kjkRerx5GI9DrWE,part_377,2026-09-20 20:19:45,5941
Aaharam Pure Vegetarian Restaurant,Pure Veg Restaurant,Restaurant,Restaurant,802163,Bihar circle,Patna HQ Region,Bhojpur Division,"Babhangawan BO, Babura BO, Bagmajhauan BO",+91 79038 48819,N/A,4.1,214.0,"Ashiana - Digha Rd, opposite Central Revenue colony, above Patanjali mega store, Engineer's Colony, Ram Nagari, Rukanpura, Patna, Bihar 800025","Engineer's Colony, Ram Nagari, Rukanpura",25.617406,85.0822323,ChIJvdzbCaBX7TkRnltenjGc3f0,https://www.google.com/maps/place/?q=place_id:ChIJvdzbCaBX7TkRnltenjGc3f0,part_377,2026-09-20 20:19:45,5942
Paprika Pure Veg Restaurant,Pure Veg Restaurant,Vegetarian restaurant,Vegetarian restaurant,802163,Bihar circle,Patna HQ Region,Bhojpur Division,"Babhangawan BO, Babura BO, Bagmajhauan BO",+91 92979 50107,N/A,4.3,371.0,"J555+3MG, Arya Kumar Rd, Rajendra Nagar, Patna, Bihar 800016",Rajendra Nagar,25.6077071,85.1592229,ChIJ8XzCvCRZ7TkRxmtsLtcO-6E,https://www.google.com/maps/place/?q=place_id:ChIJ8XzCvCRZ7TkRxmtsLtcO-6E,part_377,2026-09-20 20:19:47,5943
Ghoomar Traditional Thali Restaurants - Raja Bazaar,Pure Veg Restaurant,Vegetarian restaurant,"Vegetarian restaurant, Family restaurant, Fine dining restaurant, Indian restaurant, Lunch restaurant, North Indian restaurant, Restaurant, Rajasthani Restaurant",802163,Bihar circle,Patna HQ Region,Bhojpur Division,"Babhangawan BO, Babura BO, Bagmajhauan BO",+91 90312 96999,https://ghoomarpatna.com/,4.6,5476.0,"5th Floor, Pillar no. 55, Samanpura, Raja Bazar, Indrapuri, Patna, Bihar 800014","Samanpura, Raja Bazar, Indrapuri",25.605179099999997,85.0853427,ChIJkbeLccJX7TkR6cxV3MK-oWY,https://www.google.com/maps/place/?q=place_id:ChIJkbeLccJX7TkR6cxV3MK-oWY,part_377,2026-09-20 20:19:47,5944
Tapri Swad ki ( Pure Veg Family Restaurant),Pure Veg Restaurant,Vegetarian restaurant,Vegetarian restaurant,802163,Bihar circle,Patna HQ Region,Bhojpur Division,"Babhangawan BO, Babura BO, Bagmajhauan BO",+91 99585 83101,N/A,4.6,370.0,"Araji No, Tapri Swad ki, 1109(JHA, Chitaipur - Kandwa Rd, Awaleshpur, Varanasi, Uttar Pradesh 221106",Awaleshpur,25.2697307,82.9670361,ChIJLU558gIzjjkRxLfwrPz-Rac,https://www.google.com/maps/place/?q=place_id:ChIJLU558gIzjjkRxLfwrPz-Rac,part_377,2026-09-20 20:19:47,5945
PURE VEG RESTAURANT,Pure Veg Restaurant,Vegetarian restaurant,Vegetarian restaurant,802163,Bihar circle,Patna HQ Region,Bhojpur Division,"Babhangawan BO, Babura BO, Bagmajhauan BO",+91 70639 47254,N/A,4.8,254.0,"Lakshmanpur Near Hotel Samsaara Neil Island, Andaman and Nicobar Islands 744104",802163,11.8414615,93.0197503,ChIJP2SH13vZiDARSUsWiuERUgU,https://www.google.com/maps/place/?q=place_id:ChIJP2SH13vZiDARSUsWiuERUgU,part_377,2026-09-20 20:19:47,5946
The Food Adda,Pure Veg Restaurant,Restaurant,Restaurant,802163,Bihar circle,Patna HQ Region,Bhojpur Division,"Babhangawan BO, Babura BO, Bagmajhauan BO",N/A,N/A,4.4,,"HPPG+3CX, Kaem Nagar, Kayam Nagar, Bihar 802314",Kaem Nagar,25.5852415,84.7261061,ChIJN5qXFbmnkjkRS_EtQdyukSg,https://www.google.com/maps/place/?q=place_id:ChIJN5qXFbmnkjkRS_EtQdyukSg,part_377,2026-09-20 20:19:48,5947
The SKY 4U Bihta,Pure Veg Restaurant,Indian restaurant,Indian restaurant,802163,Bihar circle,Patna HQ Region,Bhojpur Division,"Babhangawan BO, Babura BO, Bagmajhauan BO",+91 92411 32288,N/A,4.6,,"HVGG+4RF, Gokhulpur Kurhar, Bihar 801103",802163,25.5753362,84.877112,ChIJ4QVscACrkjkRDNwhivVXidA,https://www.google.com/maps/place/?q=place_id:ChIJ4QVscACrkjkRDNwhivVXidA,part_377,2026-09-20 20:19:48,5948
Pind Balluchi,Pure Veg Restaurant,North Indian restaurant,"North Indian restaurant, Family restaurant",802163,Bihar circle,Patna HQ Region,Bhojpur Division,"Babhangawan BO, Babura BO, Bagmajhauan BO",+91 92791 13300,http://www.pindballuchi.com/,4.6,1421.0,"6th FLOOR, above RELIANCE TRENDS, near SAMAY HOSPITAL, Saguna More, Kaliket Nagar, Patna, Bihar 801503","Saguna More, Kaliket Nagar",25.6187917,85.0419568,ChIJVSkSCSlX7TkRgqu4VL1dGo8,https://www.google.com/maps/place/?q=place_id:ChIJVSkSCSlX7TkRgqu4VL1dGo8,part_377,2026-09-20 20:19:49,5949
PIHU FOOD PLAZA,Pure Veg Restaurant,Restaurant,Restaurant,802163,Bihar circle,Patna HQ Region,Bhojpur Division,"Babhangawan BO, Babura BO, Bagmajhauan BO",+91 96934 83864,N/A,3.9,123.0,"BUDHU CHAK NH 30 FOR LEN FATUHA FATUHA For lending, NH30, Fatwah, Bihar 803201",802163,25.488739,85.3226834,ChIJ_bMSNyuZ8jkRODYA8SH_jOw,https://www.google.com/maps/place/?q=place_id:ChIJ_bMSNyuZ8jkRODYA8SH_jOw,part_377,2026-09-20 20:19:49,5950
Hotel khushi and family rest house,Pure Veg Restaurant,Restaurant,Restaurant,802164,Bihar circle,Patna HQ Region,Bhojpur Division,"Baga BO, Chilhar BO, Chilhose BO",+91 91221 97034,N/A,4.2,,"7PX5+PFC, NH139, Koriam, Bihar 804401",802164,25.2993009,84.70865049999999,ChIJLUQAacdFjTkRvL__RFrbhG0,https://www.google.com/maps/place/?q=place_id:ChIJLUQAacdFjTkRvL__RFrbhG0,part_377,2026-09-20 20:20:27,8173
Raunak Family Restaurant And Dhaba,Pure Veg Restaurant,Dhaba,"Dhaba, Family restaurant",802164,Bihar circle,Patna HQ Region,Bhojpur Division,"Baga BO, Chilhar BO, Chilhose BO",+91 91993 41753,N/A,4.2,,"NH139, patna arwal bordar Bihar 801110 mo.9931694316, Bihar 801110",802164,25.3033245,84.7128091,ChIJBySSXT5EjTkRy1C7TtPpliM,https://www.google.com/maps/place/?q=place_id:ChIJBySSXT5EjTkRy1C7TtPpliM,part_377,2026-09-20 20:20:27,8174
RJ GARDEN CAFE & FAMILY RESTAURANT,Pure Veg Restaurant,Restaurant,"Restaurant, Family restaurant",802164,Bihar circle,Patna HQ Region,Bhojpur Division,"Baga BO, Chilhar BO, Chilhose BO",+91 91229 95999,https://www.instagram.com/rjgardenpali?igsh=bWlhOG00dTRvMXFs,4.5,,"89, Dharhara, Bihar 801110",802164,25.336109699999998,84.812986,ChIJ9WHPYQBPjTkRMxzYWxwzqCU,https://www.google.com/maps/place/?q=place_id:ChIJ9WHPYQBPjTkRMxzYWxwzqCU,part_377,2026-09-20 20:20:27,8175
Pali Paradise Cafe & Family Restuarant,Pure Veg Restaurant,Restaurant,Restaurant,802164,Bihar circle,Patna HQ Region,Bhojpur Division,"Baga BO, Chilhar BO, Chilhose BO",+91 82109 10010,https://instagram.com/paliparadise?igshid=YmMyMTA2M2Y=,4.2,,"Paliganj - Mahabalipur Rd, Chakiya, Akhtiarpur Pali, Bihar 801110",802164,25.3269605,84.7931811,ChIJp8W1PiBFjTkRuF54ghJYk1w,https://www.google.com/maps/place/?q=place_id:ChIJp8W1PiBFjTkRuF54ghJYk1w,part_377,2026-09-20 20:20:27,8176
"Kake Di Hatti - Begusarai, Pure Veg Fine Dine Family Restaurant & Party Hall",Pure Veg Restaurant,Vegetarian restaurant,"Vegetarian restaurant, Family restaurant, Fine dining restaurant, North Indian restaurant",802164,Bihar circle,Patna HQ Region,Bhojpur Division,"Baga BO, Chilhar BO, Chilhose BO",+91 86030 46790,https://instagram.com/kake_di_hatti_begusarai?igshid=MzNlNGNkZWQ4Mg==,4.7,,"2nd Floor, Om Lok Complex, Har Har Mahadev Chowk, Begusarai, Bihar 851101","Kaushal Colony, Kapasiya",25.4204758,86.1198596,ChIJtRJlTv8b8jkRuIZEqlbWxkI,https://www.google.com/maps/place/?q=place_id:ChIJtRJlTv8b8jkRuIZEqlbWxkI,part_377,2026-09-20 20:20:28,8177
Rohtas Line Hotel Rajput basera and dhaba,Pure Veg Restaurant,Vegetarian restaurant,Vegetarian restaurant,802164,Bihar circle,Patna HQ Region,Bhojpur Division,"Baga BO, Chilhar BO, Chilhose BO",+91 96616 42864,N/A,4.2,,"2RC9+HVR, NH 19, Pachpokhari, Bihar 821108",802164,25.021487999999998,83.8196382,ChIJkZssrM3FjTkRdXOSCqjdYB0,https://www.google.com/maps/place/?q=place_id:ChIJkZssrM3FjTkRdXOSCqjdYB0,part_377,2026-09-20 20:20:28,8178
Taste of BIHAR,Pure Veg Restaurant,Vegetarian restaurant,Vegetarian restaurant,802164,Bihar circle,Patna HQ Region,Bhojpur Division,"Baga BO, Chilhar BO, Chilhose BO",N/A,N/A,4.8,,"NH 139, Karkat Bigha, Paliganj, Bihar 801110",802164,25.3485329,84.75072279999999,ChIJy_gtC6VFjTkRIv40iSM_LEs,https://www.google.com/maps/place/?q=place_id:ChIJy_gtC6VFjTkRIv40iSM_LEs,part_377,2026-09-20 20:20:28,8179
The Green Vatika Food Plaza,Pure Veg Restaurant,Restaurant,Restaurant,802164,Bihar circle,Patna HQ Region,Bhojpur Division,"Baga BO, Chilhar BO, Chilhose BO",+91 88828 46062,N/A,4.4,,"NH 22, Bhagwanpur, Asadpur Sadpur, Bihar 844114",802164,25.8828425,85.2887008,ChIJv2dghc1r7TkRAMf70foUMrM,https://www.google.com/maps/place/?q=place_id:ChIJv2dghc1r7TkRAMf70foUMrM,part_377,2026-09-20 20:20:28,8180
Annapurna Family Restaurant (Pure Veg),Pure Veg Restaurant,Restaurant,Restaurant,802164,Bihar circle,Patna HQ Region,Bhojpur Division,"Baga BO, Chilhar BO, Chilhose BO",+91 94302 10204,N/A,4.2,,"NEW, Grand Trunk Rd, Babhandih, Bihar 824102",802164,24.7774041,84.32620759999999,ChIJNYwXOQD_jDkRqV74z7OJ_V0,https://www.google.com/maps/place/?q=place_id:ChIJNYwXOQD_jDkRqV74z7OJ_V0,part_377,2026-09-20 20:20:28,8181
Santosh fast food restaurant,Pure Veg Restaurant,Fast food restaurant,Fast food restaurant,802164,Bihar circle,Patna HQ Region,Bhojpur Division,"Baga BO, Chilhar BO, Chilhose BO",N/A,N/A,5.0,,"9R9X+CH4, Lala Bhadasara, Bihar 801102",802164,25.368519499999998,84.8489401,ChIJIxH3LQBPjTkRfzUBDQDFdas,https://www.google.com/maps/place/?q=place_id:ChIJIxH3LQBPjTkRfzUBDQDFdas,part_377,2026-09-20 20:20:29,8182
Arul Family Restaurant ( Pure veg ),Pure Veg Restaurant,Fast food restaurant,"Fast food restaurant, Chinese restaurant, North Indian restaurant, South Indian restaurant",802164,Bihar circle,Patna HQ Region,Bhojpur Division,"Baga BO, Chilhar BO, Chilhose BO",+91 91554 84800,N/A,3.3,,"Bhagwan Bazar, Chapra, Bihar 841301",Bhagwan Bazar,25.7850133,84.7222968,ChIJIwdOqzu7kjkRqpSdfjL09JM,https://www.google.com/maps/place/?q=place_id:ChIJIwdOqzu7kjkRqpSdfjL09JM,part_377,2026-09-20 20:20:29,8183
Manbhawan restaurant,Pure Veg Restaurant,North Indian restaurant,North Indian restaurant,802164,Bihar circle,Patna HQ Region,Bhojpur Division,"Baga BO, Chilhar BO, Chilhose BO",+91 99393 32185,https://www.hotelsandhyadeluxe.com/,3.9,44.0,"Gola Rd, Bangali Tola, Samastipur, Bihar 848101",Bangali Tola,25.8620035,85.78867369999999,ChIJm3CGdUuR7TkRoGmNIHdE2sc,https://www.google.com/maps/place/?q=place_id:ChIJm3CGdUuR7TkRoGmNIHdE2sc,part_377,2026-09-20 20:20:29,8184
Diamond Banquet,Pure Veg Restaurant,Hotel,Hotel,802164,Bihar circle,Patna HQ Region,Bhojpur Division,"Baga BO, Chilhar BO, Chilhose BO",+91 91171 15226,N/A,,,"Main Road, Bihiya, Chandawa, Buxar, Arrah, Bihar 802301","Bihiya, Chandawa",25.560338299999998,84.6451216,ChIJPXHHE1hfjTkR1XVkFiHDtGo,https://www.google.com/maps/place/?q=place_id:ChIJPXHHE1hfjTkR1XVkFiHDtGo,part_377,2026-09-20 20:20:29,8185
Tiranga Hotel,Pure Veg Restaurant,Vegetarian restaurant,Vegetarian restaurant,802165,Bihar circle,Patna HQ Region,Bhojpur Division,"Bariswan BO, Bharauli BO, Birpur BO",N/A,N/A,5.0,,"HCXF+JR, Gashainpur, Bihar 802165",802165,25.5990149,84.42460969999999,ChIJW2IZWwCDkjkR1tPXZX1shhQ,https://www.google.com/maps/place/?q=place_id:ChIJW2IZWwCDkjkR1tPXZX1shhQ,part_377,2026-09-20 20:21:03,10838
HOTAL HIGHWAY ITWA,Pure Veg Restaurant,Vegetarian restaurant,Vegetarian restaurant,802165,Bihar circle,Patna HQ Region,Bhojpur Division,"Bariswan BO, Bharauli BO, Birpur BO",N/A,N/A,5.0,,"Sasaram - Patna Rd, Ranisagar, Bihar 802165",802165,25.5956893,84.3784762,ChIJn9uYQNSDkjkR0kuF29O4D7s,https://www.google.com/maps/place/?q=place_id:ChIJn9uYQNSDkjkR0kuF29O4D7s,part_377,2026-09-20 20:21:03,10839
DOOZA GUEST HOUSE & RESTAURANT,Pure Veg Restaurant,Restaurant,"Restaurant, Guest house",802165,Bihar circle,Patna HQ Region,Bhojpur Division,"Bariswan BO, Bharauli BO, Birpur BO",+91 78988 94728,N/A,3.9,,"INFRONT OF BIHAR GRAMIN BANK, RAJA BAZAR CHOWK BIHIYA, Kateya Rd, Behea, Bihar 802152",802165,25.5593662,84.4549074,ChIJBw_4m0qdkjkRIEmqj0_rOGs,https://www.google.com/maps/place/?q=place_id:ChIJBw_4m0qdkjkRIEmqj0_rOGs,part_377,2026-09-20 20:21:03,10840
ADITI RESTAURANT & MARRIEGE GARDEN,Pure Veg Restaurant,Indian restaurant,Indian restaurant,802165,Bihar circle,Patna HQ Region,Bhojpur Division,"Bariswan BO, Bharauli BO, Birpur BO",+91 96935 82734,N/A,3.6,,"HCR3+C3Q, Shahpur, Bihar 802165",802165,25.5910752,84.4027468,ChIJQTtBWACDkjkR78Tir7_Iqvw,https://www.google.com/maps/place/?q=place_id:ChIJQTtBWACDkjkR78Tir7_Iqvw,part_377,2026-09-20 20:21:03,10841
Vijay Sweets And Resturant,Pure Veg Restaurant,Restaurant,Restaurant,802165,Bihar circle,Patna HQ Region,Bhojpur Division,"Bariswan BO, Bharauli BO, Birpur BO",+91 96617 19329,N/A,4.0,,"FCHM+VVJ, ara road, nh30, Bihar 802158",802165,25.4797066,84.4346407,ChIJr_qdhyh9jTkR7E-NaUHP_J8,https://www.google.com/maps/place/?q=place_id:ChIJr_qdhyh9jTkR7E-NaUHP_J8,part_377,2026-09-20 20:21:03,10842
Tripti Restaurant,Pure Veg Restaurant,Indian restaurant,Indian restaurant,802165,Bihar circle,Patna HQ Region,Bhojpur Division,"Bariswan BO, Bharauli BO, Birpur BO",+91 98272 09237,N/A,4.3,,"4H2M+26G, Bhojpur Rd, Bhojpur, Madhya Pradesh 464993",802165,23.1000537,77.58306879999999,ChIJaXTXphU4fDkRRUz7XdIQtCw,https://www.google.com/maps/place/?q=place_id:ChIJaXTXphU4fDkRRUz7XdIQtCw,part_377,2026-09-20 20:21:03,10843
Ganga Ram - Family Restaurant (Pure Veg),Pure Veg Restaurant,Vegetarian restaurant,Vegetarian restaurant,802165,Bihar circle,Patna HQ Region,Bhojpur Division,"Bariswan BO, Bharauli BO, Birpur BO",+91 81029 20917,https://www.gangaramdairy.com/,4.1,,"Har har mahadev chowk, 4th Floor Gangotri Gange Complex, 10, GD College Rd, Mirganj, Begusarai, Bihar 851117","Vishwanath Nagar, Mirganj",25.419314999999997,86.1195358,ChIJz-mJS6Eb8jkRJO_ZADItLeQ,https://www.google.com/maps/place/?q=place_id:ChIJz-mJS6Eb8jkRJO_ZADItLeQ,part_377,2026-09-20 20:21:03,10844
Manmato restaurant,Pure Veg Restaurant,Indian restaurant,Indian restaurant,802165,Bihar circle,Patna HQ Region,Bhojpur Division,"Bariswan BO, Bharauli BO, Birpur BO",N/A,N/A,3.7,82.0,"NH 84 BUXAR ARA, Garhatha Khurd, Purana Garahatha, Bihar 802112",802165,25.6038815,84.27519769999999,ChIJo8Ge89aBkjkRPspw6qlJCpo,https://www.google.com/maps/place/?q=place_id:ChIJo8Ge89aBkjkRPspw6qlJCpo,part_377,2026-09-20 20:21:04,10845
Apna Rasoi A Cafe & family Restaurant,Pure Veg Restaurant,Restaurant,Restaurant,802183,Bihar circle,Patna HQ Region,Bhojpur Division,"Banahi BO, Bankat Sikaria BO, Kamariaon BO",+91 95089 70860,N/A,4.9,,"Bihpur - Mahadeopur Ghat Rd, near Indian Bank, Niche Market, Bihpur, Bihar 853201",Niche Market,25.39211,86.9334793,ChIJR6VAiCgz8DkRSYPN3F6iTog,https://www.google.com/maps/place/?q=place_id:ChIJR6VAiCgz8DkRSYPN3F6iTog,part_377,2026-09-20 20:22:18,13738
Paprika Fine Dine Pure Veg Restaurant,Pure Veg Restaurant,Vegetarian restaurant,"Vegetarian restaurant, Chinese restaurant, Sweets and dessert buffet, Fast food restaurant, Pizza restaurant",802183,Bihar circle,Patna HQ Region,Bhojpur Division,"Banahi BO, Bankat Sikaria BO, Kamariaon BO",+91 631 222 2403,http://pramodshop.com/,4.2,,"Chowk, KP Rd, near Kiran Cinema, Dulhingunj, Gaya, Bihar 823001",Dulhingunj,24.796290199999998,85.0107072,ChIJ87aXdD0q8zkRNq6M0tjuFHI,https://www.google.com/maps/place/?q=place_id:ChIJ87aXdD0q8zkRNq6M0tjuFHI,part_377,2026-09-20 20:22:18,13739
DeeJee Restaurant,Pure Veg Restaurant,Restaurant,Restaurant,802183,Bihar circle,Patna HQ Region,Bhojpur Division,"Banahi BO, Bankat Sikaria BO, Kamariaon BO",+91 91109 48836,N/A,3.9,89.0,"Thana Road, Saran, Chapra, Athasia, Bihar 841301",Saran,25.7784488,84.74332869999999,ChIJI26g4sK6kjkRrltnc7-lTr8,https://www.google.com/maps/place/?q=place_id:ChIJI26g4sK6kjkRrltnc7-lTr8,part_377,2026-09-20 20:22:19,13740
Tulsi Garden,Pure Veg Restaurant,Restaurant,Restaurant,802201,Bihar circle,Patna HQ Region,Bhojpur Division,"Baghi BO, Bargaon  BO, Berath BO",+91 99393 94777,N/A,4.2,67.0,"RBS Road, Baidrabad - Arwal Rd, Baidrabad, Bihar 804402",802201,25.2215547,84.6426771,ChIJvT_aWgRBjTkREDt-_9eyvjg,https://www.google.com/maps/place/?q=place_id:ChIJvT_aWgRBjTkREDt-_9eyvjg,part_377,2026-09-20 20:22:53,14891
Anand Vihar Restaurant - Room & Hall,Pure Veg Restaurant,Family restaurant,"Family restaurant, Restaurant",802201,Bihar circle,Patna HQ Region,Bhojpur Division,"Baghi BO, Bargaon  BO, Berath BO",+91 99340 34411,N/A,3.8,557.0,"NH139, Ahiyapur, Bihar 804401",802201,25.257833299999998,84.6718357,ChIJSXZpIsxBjTkRRyocFW2vsTU,https://www.google.com/maps/place/?q=place_id:ChIJSXZpIsxBjTkRRyocFW2vsTU,part_377,2026-09-20 20:22:53,14892
"Raj Darbar Restaurant, Hotel & Banquet Hall",Pure Veg Restaurant,Restaurant,"Restaurant, Banquet hall, Hotel",802201,Bihar circle,Patna HQ Region,Bhojpur Division,"Baghi BO, Bargaon  BO, Berath BO",+91 70041 87433,N/A,4.4,114.0,"Ahiyapur, Bihar 804401",802201,25.2680573,84.6792498,ChIJB3MZHEZFjTkREwnSQm896TI,https://www.google.com/maps/place/?q=place_id:ChIJB3MZHEZFjTkREwnSQm896TI,part_377,2026-09-20 20:22:53,14893
Hotel Mayur & Family Resturant,Pure Veg Restaurant,Restaurant,Restaurant,802202,Bihar circle,Patna HQ Region,Bhojpur Division,"Amehata BO, Kahndani BO, Kataria BO",+91 96933 60139,https://hotel-mayur-family-resturant.nh319.com/,3.9,,"amarpuri, NH 319, in front of Bharat petrol pump, Sonbarsa, Bihar 802125",802202,25.421933499999998,84.3062715,ChIJ-TCUfeZ5jTkRRYpHFnyrZtM,https://www.google.com/maps/place/?q=place_id:ChIJ-TCUfeZ5jTkRRYpHFnyrZtM,part_377,2026-09-20 20:23:28,16062
Chandna Sweets,Pure Veg Restaurant,Vegetarian restaurant,Vegetarian restaurant,802202,Bihar circle,Patna HQ Region,Bhojpur Division,"Amehata BO, Kahndani BO, Kataria BO",+91 87898 27833,N/A,3.9,,"Dumraon Rd, Nawanagar, Bihar 802129",802202,25.386057899999997,84.2094098,ChIJVR4IZIKDjTkR_XEK-0kcf-U,https://www.google.com/maps/place/?q=place_id:ChIJVR4IZIKDjTkR_XEK-0kcf-U,part_377,2026-09-20 20:23:28,16063
Sivam Line Hotel And Sr.Rangnath Family Restauranth Pur Veg,Pure Veg Restaurant,Vegetarian restaurant,"Vegetarian restaurant, Fast food restaurant",802202,Bihar circle,Patna HQ Region,Bhojpur Division,"Amehata BO, Kahndani BO, Kataria BO",+91 94731 73625,N/A,3.3,,"Arrah - Sasaram Rd, Piro, Bihar 802207",802202,25.3355398,84.4187031,ChIJVe_l9DhwjTkRXJMgx-iT9OI,https://www.google.com/maps/place/?q=place_id:ChIJVe_l9DhwjTkRXJMgx-iT9OI,part_377,2026-09-20 20:23:28,16064
मधुर व्यञ्जन pure veg restaurant,Pure Veg Restaurant,Vegetarian restaurant,Vegetarian restaurant,802202,Bihar circle,Patna HQ Region,Bhojpur Division,"Amehata BO, Kahndani BO, Kataria BO",N/A,N/A,4.7,,"6X4G+WW3, Rastra Bank Rd, Pokhara, Gandaki Province 33700, Nepal",802202,28.2072644,83.9772835,ChIJGdRXTgCVlTkRo81qa9Z4rWU,https://www.google.com/maps/place/?q=place_id:ChIJGdRXTgCVlTkRo81qa9Z4rWU,part_377,2026-09-20 20:23:28,16065
LALITA PURE VEG RESTAURANT,Pure Veg Restaurant,Restaurant,Restaurant,802202,Bihar circle,Patna HQ Region,Bhojpur Division,"Amehata BO, Kahndani BO, Kataria BO",+91 73678 53826,N/A,4.8,,"Dehri -tilouthu road, mode, BMP -2, Bastipur, Dehri, Bihar 821307","BMP -2, Bastipur",24.8882369,84.1606072,ChIJmwYphV2vjTkR95SSwNLETvE,https://www.google.com/maps/place/?q=place_id:ChIJmwYphV2vjTkR95SSwNLETvE,part_377,2026-09-20 20:23:29,16066
Food Junction,Pure Veg Restaurant,Fast food restaurant,"Fast food restaurant, Family restaurant",802203,Bihar circle,Patna HQ Region,Bhojpur Division,"Ayer BO, Bagwan BO, Balbandh BO",+91 62008 15761,N/A,4.5,,"Jagdishpur Ara Road, Isadhi, Bihar 802158",802203,25.5028841,84.5077999,ChIJ7fCvOABjjTkR4ODcxOXF7Nk,https://www.google.com/maps/place/?q=place_id:ChIJ7fCvOABjjTkR4ODcxOXF7Nk,part_377,2026-09-20 20:24:02,17172
Hotal Shri Swami Samarth family Restaurant pure veg,Pure Veg Restaurant,Vegetarian restaurant,"Vegetarian restaurant, Restaurant",802203,Bihar circle,Patna HQ Region,Bhojpur Division,"Ayer BO, Bagwan BO, Balbandh BO",+91 98908 44320,https://hotal-shri-swami-samarth.grexa.site/,4.9,651.0,"R22V+PV4, Near, Velapur, Maharashtra 413113",802203,17.8015759,75.0446134,ChIJoTcvtFoLxDsRBNSS2Qbl7Fs,https://www.google.com/maps/place/?q=place_id:ChIJoTcvtFoLxDsRBNSS2Qbl7Fs,part_377,2026-09-20 20:24:03,17173
Shree Shivay Thali Dining Varanasi,Pure Veg Restaurant,Indian restaurant,"Indian restaurant, Banquet hall, North Indian restaurant",802203,Bihar circle,Patna HQ Region,Bhojpur Division,"Ayer BO, Bagwan BO, Balbandh BO",+91 99353 11449,https://www.shreeshivay.in/,4.6,4759.0,"GROUND FLOOR, S-1/118-6-M-1P, Central Jail Rd, opposite Shivpur, Phulwaria Road, Gilat Bazar, Chotta Chuppepur, Varanasi, Uttar Pradesh 221002","Phulwaria Road, Gilat Bazar, Chotta Chuppepur",25.3500795,82.9661936,ChIJBQkymd8tjjkRVaBz-UdTkZ8,https://www.google.com/maps/place/?q=place_id:ChIJBQkymd8tjjkRVaBz-UdTkZ8,part_377,2026-09-20 20:24:04,17174
Jan Aahar Hotel,Pure Veg Restaurant,Indian restaurant,Indian restaurant,802203,Bihar circle,Patna HQ Region,Bhojpur Division,"Ayer BO, Bagwan BO, Balbandh BO",+91 79034 17993,N/A,4.6,11.0,"Gola Rd, opposite lotus abode apartment, Vivek Vihar Colony, tpoint, Patna, Bihar 801503","Vivek Vihar Colony, tpoint",25.6268058,85.0561242,ChIJk2M4reRX7TkRh8nrT-LnpWo,https://www.google.com/maps/place/?q=place_id:ChIJk2M4reRX7TkRh8nrT-LnpWo,part_377,2026-09-20 20:24:04,17175
THE FOOD COURT,Pure Veg Restaurant,Restaurant,Restaurant,802204,Bihar circle,Patna HQ Region,Bhojpur Division,"Derhgaon BO, Gaharuaon BO, Jamorhi BO",+91 82920 42230,https://www.facebook.com/Pizza802212/,4.4,168.0,"ARA ROAD Silauta, More, Bikramganj, Bihar 802212",802204,25.227144799999998,84.2715328,ChIJsxlkCFR1jTkR2jyyM9Ib8f4,https://www.google.com/maps/place/?q=place_id:ChIJsxlkCFR1jTkR2jyyM9Ib8f4,part_377,2026-09-20 20:24:35,17884
SHIVHARI FOOD DELIVERY,Pure Veg Restaurant,Restaurant,"Restaurant, Biryani restaurant, Cake shop, Sweet shop, Chicken restaurant, Fast food restaurant, Food products supplier, Indian sweets shop, Non Vegetarian Restaurant, Pizza delivery",802204,Bihar circle,Patna HQ Region,Bhojpur Division,"Derhgaon BO, Gaharuaon BO, Jamorhi BO",+91 89861 87044,https://shivhari-food-delivery.grexa.site/,4.8,38.0,"Arrah - Sasaram Rd, near KRISHI FARM, Bikramganj, Silauta, Bihar 802212",802204,25.2296271,84.2750878,ChIJd_IfMFefjTkR32_cA8i0QoU,https://www.google.com/maps/place/?q=place_id:ChIJd_IfMFefjTkR32_cA8i0QoU,part_377,2026-09-20 20:24:35,17885
The Infinito Cafe & Restaurants,Pure Veg Restaurant,Family restaurant,Family restaurant,802204,Bihar circle,Patna HQ Region,Bhojpur Division,"Derhgaon BO, Gaharuaon BO, Jamorhi BO",+91 77700 70800,https://menu.tmbill.com/digimenu/15534,4.4,103.0,"67HF+CC7, Bikramganj, Silauta, Bihar 802212",802204,25.228407299999997,84.2731417,ChIJd4tMj3N1jTkR5rGGmIlrsbM,https://www.google.com/maps/place/?q=place_id:ChIJd4tMj3N1jTkR5rGGmIlrsbM,part_377,2026-09-20 20:24:35,17886
Bhojpur Midway Treat,Pure Veg Restaurant,Vegetarian restaurant,"Vegetarian restaurant, Restaurant",802205,Bihar circle,Patna HQ Region,Bhojpur Division,"Bhakura BO, Chaugain BO, Kirhi BO",N/A,N/A,3.7,,"Bhojpur Rd, Mendua, Bhopal, Kiratnagar, Madhya Pradesh 464993",Mendua,23.118107199999997,77.5569864,ChIJ_xTdpVRHfDkR5zaDlR5Vz6g,https://www.google.com/maps/place/?q=place_id:ChIJ_xTdpVRHfDkR5zaDlR5Vz6g,part_377,2026-09-20 20:25:13,18812
EAT FIR REPEAT (EFR) Cafe:- BEST CAFE IN ARA,Pure Veg Restaurant,Restaurant,Restaurant,802206,Bihar circle,Patna HQ Region,Bhojpur Division,"Bankat BO, Belaur BO, Bichhiaon BO",+91 73520 01182,https://eat-fir-repeat-efr-cafe.grexa.site/,5.0,,"Katira, Arrah, Bihar 802301",Katira,25.550827599999998,84.6549331,ChIJ8XRePpVfjTkR7nPzk6DR4ns,https://www.google.com/maps/place/?q=place_id:ChIJ8XRePpVfjTkR7nPzk6DR4ns,part_377,2026-09-20 20:25:45,19634
Krishna line hotel,Pure Veg Restaurant,Dhaba,Dhaba,802209,Bihar circle,Patna HQ Region,Bhojpur Division,"Bhadsera BO, Bihta English BO, Deo BO",N/A,N/A,4.2,,"4GJ9+5G8, Arwal Sipah Panchayat, Bihar 824127",802209,25.1304017,84.51881499999999,ChIJlXj-dPATjTkRO12CLYc9cyw,https://www.google.com/maps/place/?q=place_id:ChIJlXj-dPATjTkRO12CLYc9cyw,part_377,2026-09-20 20:27:31,22381
Munna Family Restaurant And Dhaba,Pure Veg Restaurant,Family restaurant,Family restaurant,802209,Bihar circle,Patna HQ Region,Bhojpur Division,"Bhadsera BO, Bihta English BO, Deo BO",+91 80020 05222,https://munnafamilyrestaurant.com/,4.6,90.0,"Besides Indian Oil Petrol Pump Madhupur, NH-2, Siris, Bihar 824112",802209,24.8360365,84.2598447,ChIJj44laACrjTkR5ufB9dpYxPw,https://www.google.com/maps/place/?q=place_id:ChIJj44laACrjTkR5ufB9dpYxPw,part_377,2026-09-20 20:27:32,22382
Grill World Restaurant & Banquets,Pure Veg Restaurant,Restaurant,Restaurant,802210,Bihar circle,Patna HQ Region,Bhojpur Division,"Ashni Jaitpur BO, Dakhin Ekauna BO, Deoria BO",+91 95250 00081,N/A,4.9,,"Pal Shatabdi Mall, Saguna More, Balaji Nagar, Danapur, Patna, Bihar 801503","Saguna More, Balaji Nagar",25.6232555,85.0411036,ChIJI1BcUTFX7TkR3Kc3oe7DPJU,https://www.google.com/maps/place/?q=place_id:ChIJI1BcUTFX7TkR3Kc3oe7DPJU,part_377,2026-09-20 20:28:06,23040
The Royal Jail Restro,Pure Veg Restaurant,North Indian restaurant,North Indian restaurant,802210,Bihar circle,Patna HQ Region,Bhojpur Division,"Ashni Jaitpur BO, Dakhin Ekauna BO, Deoria BO",+91 90656 68055,N/A,4.3,,"J2CR+HP9 sk builder, Saguna Khagaul Rd, near saguna more, Saguna More, Kaliket Nagar, Patna, Bihar 801503","Saguna More, Kaliket Nagar",25.6211259,85.0419775,ChIJS5h2899X7TkRPQJSLs9gcGc,https://www.google.com/maps/place/?q=place_id:ChIJS5h2899X7TkRPQJSLs9gcGc,part_377,2026-09-20 20:28:06,23041
Bikaner Elite,Pure Veg Restaurant,Indian restaurant,"Indian restaurant, Bakery and Cake Shop, Sweet shop",802210,Bihar circle,Patna HQ Region,Bhojpur Division,"Ashni Jaitpur BO, Dakhin Ekauna BO, Deoria BO",+91 84484 41056,https://bikanerelite.com/,4.0,,"Harshawardhan Cold Storage Compound, Danapur - Khagaul Rd, Saguna More, Danapur, Bihar 801503",Saguna More,25.621411799999997,85.0411896,ChIJk5hotmdX7TkRL1uje1DpOLU,https://www.google.com/maps/place/?q=place_id:ChIJk5hotmdX7TkRL1uje1DpOLU,part_377,2026-09-20 20:28:06,23042
Shree Ganesh Ji Line Hotel,Pure Veg Restaurant,Restaurant,Restaurant,802211,Bihar Circle,Patna HQ Region,Rohtas Division,"Babhnaul SO, Awarhi BO, Chatara BO",+91 98354 92983,N/A,4.3,,"S.P Palce, 01, Ara Road, Bikramganj, Bihar 802212",802211,25.2260743,84.2691942,ChIJdxX99UafjTkRLoQ0vSEI7I4,https://www.google.com/maps/place/?q=place_id:ChIJdxX99UafjTkRLoQ0vSEI7I4,part_377,2026-09-20 20:28:40,23821
Haveli Restaurant,Pure Veg Restaurant,North Indian restaurant,North Indian restaurant,802211,Bihar Circle,Patna HQ Region,Rohtas Division,"Babhnaul SO, Awarhi BO, Chatara BO",+91 99344 81025,http://havelirestaurant.lovable.app/,4.4,,"Hotel BNS International, Haveli Restaurant, Grand Trunk Rd, Sasaram, Bihar 821115","Khilanganj, Laxkariganj",24.953931599999997,84.01603419999999,ChIJf1NJaGW3jTkRg7paAxaMzyg,https://www.google.com/maps/place/?q=place_id:ChIJf1NJaGW3jTkRg7paAxaMzyg,part_377,2026-09-20 20:28:40,23822
Krafty Kitchen,Pure Veg Restaurant,Restaurant,Restaurant,802211,Bihar Circle,Patna HQ Region,Rohtas Division,"Babhnaul SO, Awarhi BO, Chatara BO",+91 70806 97676,N/A,4.3,,"Front Of Bijli Office, Bijli Office, Fazalganj, Arrah, Sasaram, Bihar 802301",Fazalganj,24.952699499999998,83.9944395,ChIJB56cZf-3jTkRTBabJgWpUnk,https://www.google.com/maps/place/?q=place_id:ChIJB56cZf-3jTkRTBabJgWpUnk,part_377,2026-09-20 20:28:40,23823
Zest Dining Restaurant & Party Hall,Pure Veg Restaurant,Restaurant,"Restaurant, Banquet hall, Cafe, Dance hall, Festival hall, Indian restaurant",802211,Bihar Circle,Patna HQ Region,Rohtas Division,"Babhnaul SO, Awarhi BO, Chatara BO",+91 73600 99512,https://www.instagram.com/_zest_dining?igsh=MXkxeGk3Z3duZjRzZA==,4.8,,"1st & 2nd Floor, Nexus Infinity, Prem Chand Path, Gaurakshani, Sasaram, Bihar 821115",Gaurakshani,24.958230399999998,84.0159939,ChIJv5cPQByxjTkRr3X8CeTpvJM,https://www.google.com/maps/place/?q=place_id:ChIJv5cPQByxjTkRr3X8CeTpvJM,part_377,2026-09-20 20:28:40,23824
Green Chilli Family Restaurant,Pure Veg Restaurant,Restaurant,Restaurant,802211,Bihar Circle,Patna HQ Region,Rohtas Division,"Babhnaul SO, Awarhi BO, Chatara BO",+91 80929 49894,N/A,4.3,,"Ward no 4, Bus Stand, Buxar Rd, Shivapur, Kochas, Bihar 821112",Shivapur,25.2350651,83.9203194,ChIJWxOlkHDrjTkRYVsOvm8xIw8,https://www.google.com/maps/place/?q=place_id:ChIJWxOlkHDrjTkRYVsOvm8xIw8,part_377,2026-09-20 20:28:40,23825
Moments Restaurant and Resort,Pure Veg Restaurant,Restaurant,Restaurant,802211,Bihar Circle,Patna HQ Region,Rohtas Division,"Babhnaul SO, Awarhi BO, Chatara BO",N/A,N/A,4.6,,"Gaurakshani ,lalganj, nahar, Kuraich, Sasaram, Bihar 821115",802211,24.969410999999997,84.018425,ChIJJ53Wde2xjTkRV55vHCb5I4o,https://www.google.com/maps/place/?q=place_id:ChIJJ53Wde2xjTkRV55vHCb5I4o,part_377,2026-09-20 20:28:40,23826
ROTI RESTAURANT & SWEETS,Pure Veg Restaurant,Fine dining restaurant,Fine dining restaurant,802211,Bihar Circle,Patna HQ Region,Rohtas Division,"Babhnaul SO, Awarhi BO, Chatara BO",+91 88738 25434,N/A,4.0,,"opp. baldeo high school, Dinara, Bihar 802213",802211,25.247820299999997,84.0565606,ChIJS2WdfQCXjTkRyEG3BTunbgc,https://www.google.com/maps/place/?q=place_id:ChIJS2WdfQCXjTkRyEG3BTunbgc,part_377,2026-09-20 20:28:40,23827
ZAIKA,Pure Veg Restaurant,Indian restaurant,Indian restaurant,802211,Bihar Circle,Patna HQ Region,Rohtas Division,"Babhnaul SO, Awarhi BO, Chatara BO",N/A,N/A,3.7,,"SHIVA COMPLEX, TENDUNI, CHOWK, BIK, Bikramganj, Bihar 802212",BIK,25.2236145,84.2654321,ChIJdwpHTmR1jTkRolB5Bz2ao4k,https://www.google.com/maps/place/?q=place_id:ChIJdwpHTmR1jTkRolB5Bz2ao4k,part_377,2026-09-20 20:28:40,23828
Cafe Culture,Pure Veg Restaurant,North Indian restaurant,North Indian restaurant,802211,Bihar Circle,Patna HQ Region,Rohtas Division,"Babhnaul SO, Awarhi BO, Chatara BO",+91 80846 58516,N/A,4.3,,"Grand Trunk Rd, behind Aditya Vision, Navaratan Bazar, Laxkariganj, Sasaram, Bihar 821115","Navaratan Bazar, Laxkariganj",24.9530811,84.0098617,ChIJX_fh31i3jTkRUrXNEijNggE,https://www.google.com/maps/place/?q=place_id:ChIJX_fh31i3jTkRUrXNEijNggE,part_377,2026-09-20 20:28:40,23829
Shanti Shital Restaurant & Dhaba,Pure Veg Restaurant,Dhaba,"Dhaba, Breakfast restaurant, Family restaurant",802211,Bihar Circle,Patna HQ Region,Rohtas Division,"Babhnaul SO, Awarhi BO, Chatara BO",+91 62041 88405,N/A,4.3,500.0,"Grand Trunk Rd, Kudra, Pachpokhari, Bihar 821108",802211,25.026687499999998,83.8148233,ChIJBemoyFrEjTkR7UxLQ_1omiU,https://www.google.com/maps/place/?q=place_id:ChIJBemoyFrEjTkR7UxLQ_1omiU,part_377,2026-09-20 20:28:40,23830
Moon Cafe & Restaurant,Pure Veg Restaurant,Restaurant,"Restaurant, Coffee shop, Food court",802211,Bihar Circle,Patna HQ Region,Rohtas Division,"Babhnaul SO, Awarhi BO, Chatara BO",+91 91991 83923,N/A,4.2,221.0,"6WJ9+8JQ, Mohania Rd, Kochas, Bihar 821112",802211,25.2314082,83.91874849999999,ChIJ83bxHvPrjTkRwf-OpsUkkCM,https://www.google.com/maps/place/?q=place_id:ChIJ83bxHvPrjTkRwf-OpsUkkCM,part_377,2026-09-20 20:28:40,23831
Zaika Restro,Pure Veg Restaurant,Indian restaurant,Indian restaurant,802211,Bihar Circle,Patna HQ Region,Rohtas Division,"Babhnaul SO, Awarhi BO, Chatara BO",+91 79032 48980,N/A,4.2,204.0,"Mod, near Tutla, Tilouthu East, Amra, Bihar 821312",802211,24.806864299999997,84.0812333,ChIJh1TocPSzjTkRqtjB-vbVbuw,https://www.google.com/maps/place/?q=place_id:ChIJh1TocPSzjTkRqtjB-vbVbuw,part_377,2026-09-20 20:28:40,23832
Swadeshi Restaurant,Pure Veg Restaurant,Family restaurant,Family restaurant,802211,Bihar Circle,Patna HQ Region,Rohtas Division,"Babhnaul SO, Awarhi BO, Chatara BO",+91 87895 30617,N/A,4.2,77.0,"SH17, Bhatarhi, Banrasia, Sasaram, Bihar 821113",Bhatarhi,24.9524953,83.9899423,ChIJESvWEpu3jTkRweHe0v9BxQI,https://www.google.com/maps/place/?q=place_id:ChIJESvWEpu3jTkRweHe0v9BxQI,part_377,2026-09-20 20:28:40,23833
PURANA PANDEY HOTEL (Upper Wala),Pure Veg Restaurant,Vegetarian restaurant,"Vegetarian restaurant, Home Stay, Restaurant",802211,Bihar Circle,Patna HQ Region,Rohtas Division,"Babhnaul SO, Awarhi BO, Chatara BO",+91 92841 37835,N/A,4.1,129.0,"821115 Near Civil court karahgar, mod, behind HP petrol pump, Sasaram, Bihar 821115","Navaratan Bazar, Laxkariganj",24.953263,84.0121265,ChIJJQNRKkq3jTkR1-vQFBbEWrE,https://www.google.com/maps/place/?q=place_id:ChIJJQNRKkq3jTkR1-vQFBbEWrE,part_377,2026-09-20 20:28:41,23834
Royal Rasoi Restaurant,Pure Veg Restaurant,Vegetarian restaurant,"Vegetarian restaurant, Indian restaurant",802211,Bihar Circle,Patna HQ Region,Rohtas Division,"Babhnaul SO, Awarhi BO, Chatara BO",+91 94310 82698,N/A,3.6,87.0,"Jagat Trade Center, 714, Fraser Rd, Old Jakkanpur, Lodipur, Patna, Bihar 800001","Old Jakkanpur, Lodipur",25.6117475,85.1388683,ChIJxVqKn1xY7TkRDC9XyyJeCCo,https://www.google.com/maps/place/?q=place_id:ChIJxVqKn1xY7TkRDC9XyyJeCCo,part_377,2026-09-20 20:28:41,23835
Green plaanet family restaurant,Pure Veg Restaurant,Family restaurant,"Family restaurant, Fast food restaurant",802211,Bihar Circle,Patna HQ Region,Rohtas Division,"Babhnaul SO, Awarhi BO, Chatara BO",+91 70914 19775,N/A,3.8,1262.0,"MICO, Grand Trunk Rd, near hotel rohit international, Dilia, Sasaram, Bihar 821115",Dilia,24.9546729,84.0329526,ChIJb4BqRb6wjTkR5KeO0TnT_8U,https://www.google.com/maps/place/?q=place_id:ChIJb4BqRb6wjTkR5KeO0TnT_8U,part_377,2026-09-20 20:28:42,23836
Manish Hotel & Family Restaurant,Pure Veg Restaurant,Family restaurant,Family restaurant,802212,Bihar Circle,Patna HQ Region,Rohtas Division,"Bikramganj SO, Dhangain BO, Dharupur BO",N/A,N/A,3.3,6.0,"1326, Bikramganj, Bihar 802212",802212,25.2233485,84.2661706,ChIJJxtpJq6fjTkRhGOAHO3Goss,https://www.google.com/maps/place/?q=place_id:ChIJJxtpJq6fjTkRhGOAHO3Goss,part_377,2026-09-20 20:29:16,25907
BIRYANI HOUSE WALA,Pure Veg Restaurant,Biryani restaurant,Biryani restaurant,802212,Bihar Circle,Patna HQ Region,Rohtas Division,"Bikramganj SO, Dhangain BO, Dharupur BO",+91 99341 38002,N/A,4.0,40.0,"D A, opposite to करुणा हॉस्पिटल, V स्कूल गेट के पास, Bikramganj, Bihar 802212",802212,25.2213586,84.2639854,ChIJ97Jm55efjTkR5i2lsONAjQw,https://www.google.com/maps/place/?q=place_id:ChIJ97Jm55efjTkR5i2lsONAjQw,part_377,2026-09-20 20:29:16,25908
Aumika - Pure Veg Restaurant,Pure Veg Restaurant,Vegetarian restaurant,"Vegetarian restaurant, Cafe, Dhaba, Gujarati restaurant, North Indian restaurant, Punjabi restaurant, Restaurant, South Indian restaurant",802212,Bihar Circle,Patna HQ Region,Rohtas Division,"Bikramganj SO, Dhangain BO, Dharupur BO",+91 91460 19218,https://aumikapureveg.com/,4.5,,"Daga Plazzo, opp. D-Mart, Camp, Amravati, Maharashtra 444602",Camp,20.938603399999998,77.78037909999999,ChIJdxR9_fi51jsREbh6Qa3g_Qs,https://www.google.com/maps/place/?q=place_id:ChIJdxR9_fi51jsREbh6Qa3g_Qs,part_377,2026-09-20 20:29:17,25909
VT RESTAURANT AND DHABA,Pure Veg Restaurant,Family restaurant,Family restaurant,802213,Bihar Circle,Patna HQ Region,Rohtas Division,"Dinara SO Rohtas, Akorha BO, Andore BO",+91 62014 20380,N/A,4.0,23.0,"MALI BAGICHA, Kargahar, Bihar 821107",MALI BAGICHA,25.1175626,83.932653,ChIJPelC0OzBjTkRMTWdNR75e50,https://www.google.com/maps/place/?q=place_id:ChIJPelC0OzBjTkRMTWdNR75e50,part_377,2026-09-20 20:29:52,27156
SHASHWAT RESTAURANT & BANQUET HALL,Pure Veg Restaurant,Vegetarian restaurant,"Vegetarian restaurant, Banquet hall, Fine dining restaurant",802213,Bihar Circle,Patna HQ Region,Rohtas Division,"Dinara SO Rohtas, Akorha BO, Andore BO",+91 62073 36514,http://www.shashwatshop.com/,4.0,,"MG Rd, beside reliance Jewels, Aurangabad, Bihar 824101",802213,24.751820799999997,84.3708446,ChIJKTv2TwD9jDkRcB16unOYVuU,https://www.google.com/maps/place/?q=place_id:ChIJKTv2TwD9jDkRcB16unOYVuU,part_377,2026-09-20 20:29:52,27157
"Raaj Rasoi, Nima Morr, Daudnagar",Pure Veg Restaurant,North Indian restaurant,North Indian restaurant,802214,Bihar Circle,Patna HQ Region,Rohtas Division,"Gorari SO, Amoura BO, Bad BO",+91 99736 64990,N/A,4.0,331.0,"139, National Highway, Guman, Sipah, Bihar 824113",802214,25.0446292,84.42612729999999,ChIJ2acZn98PjTkRRjl3fnEde_Y,https://www.google.com/maps/place/?q=place_id:ChIJ2acZn98PjTkRRjl3fnEde_Y,part_377,2026-09-20 20:30:26,28872
Dana Rasoi Pure Vegetarian Restaurant,Pure Veg Restaurant,Restaurant,Restaurant,802214,Bihar Circle,Patna HQ Region,Rohtas Division,"Gorari SO, Amoura BO, Bad BO",N/A,N/A,4.3,,"Q69F+RMC, Hutmurah, 192125",Hutmurah,33.7705207,75.22460339999999,ChIJ3_UMEdQP4jgRV3V8mGNZi9Y,https://www.google.com/maps/place/?q=place_id:ChIJ3_UMEdQP4jgRV3V8mGNZi9Y,part_377,2026-09-20 20:30:27,28873
Hotel Vrindavan Pure Veg Restaurant,Pure Veg Restaurant,Restaurant,Restaurant,802214,Bihar Circle,Patna HQ Region,Rohtas Division,"Gorari SO, Amoura BO, Bad BO",+91 77091 21234,N/A,4.4,,"Bodhan - Nanded Rd, Ghungarala, Maharashtra 431709",802214,18.9178698,77.5081359,ChIJvZbjNwM9zjsRrqLqTRouluo,https://www.google.com/maps/place/?q=place_id:ChIJvZbjNwM9zjsRrqLqTRouluo,part_377,2026-09-20 20:30:27,28874
SridihSaiDhabha Pure Veg,Pure Veg Restaurant,Restaurant,Restaurant,802215,Bihar Circle,Patna HQ Region,Rohtas Division,"Garh Nokha SO, Babhni BO, Baraon BO",N/A,N/A,5.0,,"2R8J+725, Khurmabad, Bihar 821108",802215,25.0156308,83.8301006,ChIJ0UMkBEDFjTkREvter6UDE1g,https://www.google.com/maps/place/?q=place_id:ChIJ0UMkBEDFjTkREvter6UDE1g,part_377,2026-09-20 20:31:00,30174
समराथल हाईवे होटल,Pure Veg Restaurant,Restaurant,Restaurant,802215,Bihar Circle,Patna HQ Region,Rohtas Division,"Garh Nokha SO, Babhni BO, Baraon BO",N/A,N/A,4.2,,"XRWX+3QP, Sabrabad, Bihar 821108",802215,24.9952178,83.8494556,ChIJfZcWDP7HjTkRLjSz3EAg38Q,https://www.google.com/maps/place/?q=place_id:ChIJfZcWDP7HjTkRLjSz3EAg38Q,part_377,2026-09-20 20:31:00,30175
Prajapati Pure Vegetarian Food Hotel,Pure Veg Restaurant,Vegetarian restaurant,Vegetarian restaurant,802215,Bihar Circle,Patna HQ Region,Rohtas Division,"Garh Nokha SO, Babhni BO, Baraon BO",N/A,N/A,2.8,,"443F+7F5, Garh Nokha, Bihar 802215",802215,25.1031212,84.12359909999999,ChIJ_dve_jqjjTkR-j3HuOisHA4,https://www.google.com/maps/place/?q=place_id:ChIJ_dve_jqjjTkR-j3HuOisHA4,part_377,2026-09-20 20:31:00,30176
Sone Pari Mourya Restaurant Hotel,Pure Veg Restaurant,Vegetarian restaurant,Vegetarian restaurant,802215,Bihar Circle,Patna HQ Region,Rohtas Division,"Garh Nokha SO, Babhni BO, Baraon BO",N/A,N/A,3.7,50.0,"XWC7+H6F, Kusahi, Bihar 821111",802215,24.9714369,83.91303169999999,ChIJj4PRnK_HjTkRhL-D72po13s,https://www.google.com/maps/place/?q=place_id:ChIJj4PRnK_HjTkRhL-D72po13s,part_377,2026-09-20 20:31:01,30177
Veg pizza hub & bakery,Pure Veg Restaurant,Pizza restaurant,Pizza restaurant,802215,Bihar Circle,Patna HQ Region,Rohtas Division,"Garh Nokha SO, Babhni BO, Baraon BO",+91 96615 26222,N/A,4.7,56.0,"X2F9+7P7, Uchitpur, Bihar 821115",802215,24.9731131,84.0192375,ChIJD_T3DwCxjTkRci4wlrTCZvg,https://www.google.com/maps/place/?q=place_id:ChIJD_T3DwCxjTkRci4wlrTCZvg,part_377,2026-09-20 20:31:01,30178
Kuswahas farm2factory private limited- Makhana manufacturer and supplier,Pure Veg Restaurant,Manufacturer,"Manufacturer, Food & Beverage Exporter, Food manufacturer, Food Processing Company, Food producer, Food products supplier",802215,Bihar Circle,Patna HQ Region,Rohtas Division,"Garh Nokha SO, Babhni BO, Baraon BO",+91 11 6931 2816,https://farm2factory.com/,4.8,232.0,"near sbi main branch, Shivaji Colony, Purnia, Bihar 854301",Shivaji Colony,25.774229899999998,87.4666027,ChIJP01ennv57zkR6MRqCsab6Yk,https://www.google.com/maps/place/?q=place_id:ChIJP01ennv57zkR6MRqCsab6Yk,part_377,2026-09-20 20:31:02,30179
Radhya Rasoi Pure Veg Dhaba and Restaurant,Pure Veg Restaurant,Vegetarian restaurant,"Vegetarian restaurant, Restaurant",802216,Bihar Circle,Patna HQ Region,Rohtas Division,"Koath SO, Bahuara BO",+91 88876 71575,N/A,4.6,643.0,"Shri Ram Chauraha, NH 330, near Badoda Gramin Bank, Bhadri, Uttar Pradesh 211013",802216,25.5543881,81.8312894,ChIJt7AuGADJmjkR64mLI7zxY4U,https://www.google.com/maps/place/?q=place_id:ChIJt7AuGADJmjkR64mLI7zxY4U,part_377,2026-09-20 20:31:35,31860
Hariom Pure-Veg Restaurant,Pure Veg Restaurant,Vegetarian restaurant,Vegetarian restaurant,802216,Bihar Circle,Patna HQ Region,Rohtas Division,"Koath SO, Bahuara BO",+91 86258 78003,N/A,4.7,283.0,"Bhiwapur Naka, By-pass Road, Boribhatari, Umred, Parsodi, Maharashtra 441203",Boribhatari,20.8421667,79.3349822,ChIJETTqXJ2r1DsREdcd0nH7aow,https://www.google.com/maps/place/?q=place_id:ChIJETTqXJ2r1DsREdcd0nH7aow,part_377,2026-09-20 20:31:35,31861
Gurukripa Restaurant Sweets Snacks,Pure Veg Restaurant,Family restaurant,Family restaurant,802216,Bihar Circle,Patna HQ Region,Rohtas Division,"Koath SO, Bahuara BO",+91 62004 93660,N/A,4.4,,"C7WR+5H5, SH 4, Daniawan, Bihar 803201",802216,25.4454375,85.2914375,ChIJa9u7RwCZ8jkRKyyL7yYtppo,https://www.google.com/maps/place/?q=place_id:ChIJa9u7RwCZ8jkRKyyL7yYtppo,part_377,2026-09-20 20:31:35,31862
Dahi Buniya Dhaba,Pure Veg Restaurant,Restaurant,Restaurant,802216,Bihar Circle,Patna HQ Region,Rohtas Division,"Koath SO, Bahuara BO",+91 70331 24999,https://dhahibuniya.com/,4.6,,"new bypass, Patna - Bakhtiyarpur Rd, near bidupur pull, Raibagh Village, Patna, Bihar 800009",Raibagh Village,25.5612787,85.25853239999999,ChIJq0xDkiSh8jkRjU2sWGRWF4w,https://www.google.com/maps/place/?q=place_id:ChIJq0xDkiSh8jkRjU2sWGRWF4w,part_377,2026-09-20 20:31:36,31863
Radha swami hotal,Pure Veg Restaurant,Vegetarian restaurant,Vegetarian restaurant,802217,Bihar Circle,Patna HQ Region,Rohtas Division,"Meari Bazar SO, Belwan BO, Eghara BO",N/A,N/A,3.8,,"W38Q+H7, Kanchanpur, Bihar 821015",802217,24.916375,84.0881483,ChIJrW-rXV-xjTkReqfUBKZdZ0U,https://www.google.com/maps/place/?q=place_id:ChIJrW-rXV-xjTkReqfUBKZdZ0U,part_377,2026-09-20 20:32:10,32491
Bhole Shankar Line Hotel,Pure Veg Restaurant,Restaurant,Restaurant,802217,Bihar Circle,Patna HQ Region,Rohtas Division,"Meari Bazar SO, Belwan BO, Eghara BO",N/A,N/A,4.1,,"W2HM+9JM, NH 19, Kota, Bihar 821015",802217,24.928461499999997,84.0340535,ChIJr1G2KaKxjTkR5QRUDTA5fKM,https://www.google.com/maps/place/?q=place_id:ChIJr1G2KaKxjTkR5QRUDTA5fKM,part_377,2026-09-20 20:32:11,32492
DESI KITCHEN (Pure Veg Restaurant),Pure Veg Restaurant,Restaurant,Restaurant,802217,Bihar Circle,Patna HQ Region,Rohtas Division,"Meari Bazar SO, Belwan BO, Eghara BO",+91 73011 40878,N/A,4.6,,"Pani Tanki Rd, near Great Mission Public School, Rajputana Mohalla, Dehri, Bihar 821307",Rajputana Mohalla,24.9053443,84.1833876,ChIJZyHZr-uvjTkRNDRCgskr_4g,https://www.google.com/maps/place/?q=place_id:ChIJZyHZr-uvjTkRNDRCgskr_4g,part_377,2026-09-20 20:32:11,32493
Arjuna The Family Restaurant,Pure Veg Restaurant,Restaurant,Restaurant,802217,Bihar Circle,Patna HQ Region,Rohtas Division,"Meari Bazar SO, Belwan BO, Eghara BO",+91 95239 14448,N/A,4.0,,"Kanoudiya Petrol Pump, Grand Trunk Rd, opposite Ram Krishna Palace, Jagdev Nagar, Ashikpur, Sasaram, Bihar 821115","Jagdev Nagar, Ashikpur",24.954355,84.0302592,ChIJc7o9QRGxjTkReCPhriC7zn8,https://www.google.com/maps/place/?q=place_id:ChIJc7o9QRGxjTkReCPhriC7zn8,part_377,2026-09-20 20:32:11,32494
Annapurna Dhaba And Family Restaurent Dumraon,Pure Veg Restaurant,Restaurant,Restaurant,802218,Bihar Circle,Patna HQ Region,Rohtas Division,"Natwar SO, Arthu BO, Basudeo Dehri BO",+91 95705 35353,N/A,4.9,84.0,"Dumraon Bikramganj Rd, Dumraon, Bihar 802119",802218,25.534457,84.1479693,ChIJcTsnD1GHjTkRsNVvk5dXFc8,https://www.google.com/maps/place/?q=place_id:ChIJcTsnD1GHjTkRsNVvk5dXFc8,part_377,2026-09-20 20:32:44,33185
The Veggie Junction by Jain's,Pure Veg Restaurant,Vegetarian restaurant,"Vegetarian restaurant, Travel agency",802218,Bihar Circle,Patna HQ Region,Rohtas Division,"Natwar SO, Arthu BO, Basudeo Dehri BO",+91 84098 40999,N/A,4.4,13.0,"East Ram Krishna Nagar, Ramkrishan Nagar, Patna, Bihar 800027","East Ram Krishna Nagar, Ramkrishan Nagar",25.5825723,85.1479135,ChIJo5nRDpen8jkRrcdm2SW8zso,https://www.google.com/maps/place/?q=place_id:ChIJo5nRDpen8jkRrcdm2SW8zso,part_377,2026-09-20 20:32:45,33186
KRISHNASHREE,Pure Veg Restaurant,Vegetarian restaurant,"Vegetarian restaurant, Restaurant",802218,Bihar Circle,Patna HQ Region,Rohtas Division,"Natwar SO, Arthu BO, Basudeo Dehri BO",+91 72800 48165,N/A,3.9,,"J46X+5HG, ambition ojha plaza, Kadamkuan, Patna, Bihar 800003",Kadamkuan,25.6109768,85.1508463,ChIJJ4PAjG5Z7TkRjgTX8UgA3Cs,https://www.google.com/maps/place/?q=place_id:ChIJJ4PAjG5Z7TkRjgTX8UgA3Cs,part_377,2026-09-20 20:32:46,33187
UTSAV SWEETS,Pure Veg Restaurant,Indian restaurant,Indian restaurant,802219,Bihar Circle,Patna HQ Region,Rohtas Division,"Rajpur SO Rohtas, Bisheni Kala BO, Bishunpur BO",N/A,N/A,4.7,3.0,"Rajpur - Nokha Rd, Rajpur, Bihar 802219",802219,25.0737974,84.2026156,ChIJy7lqfQChjTkRVBambsvTlW0,https://www.google.com/maps/place/?q=place_id:ChIJy7lqfQChjTkRVBambsvTlW0,part_377,2026-09-20 20:33:19,33593
Mishra Dhaba Pure Vegetarian,Pure Veg Restaurant,Vegetarian restaurant,Vegetarian restaurant,802219,Bihar Circle,Patna HQ Region,Rohtas Division,"Rajpur SO Rohtas, Bisheni Kala BO, Bishunpur BO",N/A,N/A,4.4,,"7P8G+225, Rigwan, Uttar Pradesh 212107",802219,25.2650088,81.7251113,ChIJpYxSbwAxhTkRSz-QfAvDEv8,https://www.google.com/maps/place/?q=place_id:ChIJpYxSbwAxhTkRSz-QfAvDEv8,part_377,2026-09-20 20:33:19,33594
Shree Pure Veg,Pure Veg Restaurant,Vegetarian restaurant,Vegetarian restaurant,802219,Bihar Circle,Patna HQ Region,Rohtas Division,"Rajpur SO Rohtas, Bisheni Kala BO, Bishunpur BO",+91 79708 52525,N/A,4.6,,"Theur Phata, opp. of Jijau Garden, Kunjirwadi, Maharashtra 412201",802219,18.488495399999998,74.0479809,ChIJ9-RaVaLnwjsR5wbQBxiIn50,https://www.google.com/maps/place/?q=place_id:ChIJ9-RaVaLnwjsR5wbQBxiIn50,part_377,2026-09-20 20:33:19,33595
Sri Annapurna | Best Veg Restaurant in Varanasi | Fine Dine Restaurant in Varanasi,Pure Veg Restaurant,Vegetarian restaurant,"Vegetarian restaurant, Continental restaurant, Fine dining restaurant, North Indian restaurant, South Indian restaurant, Restaurant",802219,Bihar Circle,Patna HQ Region,Rohtas Division,"Rajpur SO Rohtas, Bisheni Kala BO, Bishunpur BO",+91 92355 96416,https://sriannapurna.in/,4.0,4205.0,"12/16-A, 82F3+W48, Ramkatora Rd, Ramkatora, Piplani Katra, Jaitpura, Varanasi, Uttar Pradesh 221002","Ramkatora, Piplani Katra, Jaitpura",25.3248052,83.0022595,ChIJH2Zt_0AvjjkRBLP02mfQvPQ,https://www.google.com/maps/place/?q=place_id:ChIJH2Zt_0AvjjkRBLP02mfQvPQ,part_377,2026-09-20 20:33:21,33596
Kochas family restaurant,Pure Veg Restaurant,Restaurant,Restaurant,802219,Bihar Circle,Patna HQ Region,Rohtas Division,"Rajpur SO Rohtas, Bisheni Kala BO, Bishunpur BO",+91 79039 87569,N/A,3.2,10.0,"6WMC+HCP, Kochas, Bihar 821112",802219,25.2339637,83.9210815,ChIJX7SXXADrjTkRhBYIR0RPyoA,https://www.google.com/maps/place/?q=place_id:ChIJX7SXXADrjTkRhBYIR0RPyoA,part_377,2026-09-20 20:33:21,33597
Ramashram - Pure Veg Restaurant,Pure Veg Restaurant,Vegetarian restaurant,"Vegetarian restaurant, Breakfast restaurant, Brunch restaurant, Chinese restaurant, Diner, Family restaurant, Lunch restaurant, North Indian restaurant, Sandwich shop, South Indian restaurant",802220,Bihar Circle,Patna HQ Region,Rohtas Division,"Sanjhauli SO, Bensagar BO, Itriya BO",+91 76667 22055,N/A,4.6,,"Shop No - 01, Plot No - 01, Manewada Rd, near Tukdoji Putla Square, Taj Nagar, Bajrang Nagar, Tukdoji, Nagpur, Maharashtra 440027","Taj Nagar, Bajrang Nagar, Tukdoji",21.121758,79.1047871,ChIJQTuZXA3B1DsRY-1fHSpu2IE,https://www.google.com/maps/place/?q=place_id:ChIJQTuZXA3B1DsRY-1fHSpu2IE,part_377,2026-09-20 20:33:53,34308
Abhiruchi - Marwari Vaasa Bhojnalay (1940),Pure Veg Restaurant,Vegetarian restaurant,Vegetarian restaurant,802221,Bihar Circle,Patna HQ Region,Rohtas Division,"Surajpura SO, Imirtha BO",+91 89699 99991,N/A,3.9,,"Fraser Rd, opp. Marwari Awas Complex, Bander Bagicha, Fraser Road Area, Patna, Bihar 800001","Bander Bagicha, Fraser Road Area",25.6083952,85.1372064,ChIJccljzkJY7TkRsaNXCmcuE8s,https://www.google.com/maps/place/?q=place_id:ChIJccljzkJY7TkRsaNXCmcuE8s,part_377,2026-09-20 20:34:26,34770
Bihari Hotel Madaila,Pure Veg Restaurant,Indian restaurant,Indian restaurant,802222,Bihar circle,Patna HQ Region,Bhojpur Division,"Andhari BO, Bagar BO, Imadpur BO",N/A,N/A,3.8,,"5H9M+HRP, Madaila, Walidad, Sakri, Bihar 804428",Madaila,25.1689592,84.5845664,ChIJeyWhKj8VjTkRsvVwM51SYlI,https://www.google.com/maps/place/?q=place_id:ChIJeyWhKj8VjTkRsvVwM51SYlI,part_377,2026-09-20 20:34:56,35197
Baati Chokha Family Restaurant,Pure Veg Restaurant,Vegetarian restaurant,"Vegetarian restaurant, Restaurant",802222,Bihar circle,Patna HQ Region,Bhojpur Division,"Andhari BO, Bagar BO, Imadpur BO",+91 99550 82055,https://baatichokha.org/,4.3,173.0,"Service Lane, Pillar No 136 Satish Path, Bailey Rd, near Ranjan Path, Danapur, Patna, Bihar 801503",Shri Krishna Puram,25.6160996,85.0515411,ChIJuXMKAwBX7TkRR8B9jx8_mAY,https://www.google.com/maps/place/?q=place_id:ChIJuXMKAwBX7TkRR8B9jx8_mAY,part_377,2026-09-20 20:34:58,35198
Ghar ka swad,Pure Veg Restaurant,Soup kitchen,Soup kitchen,802222,Bihar circle,Patna HQ Region,Bhojpur Division,"Andhari BO, Bagar BO, Imadpur BO",+91 82108 82539,N/A,3.0,,"Road No. 24, Rajeev Nagar, Patna, Bihar 800024",Rajeev Nagar,25.628805399999997,85.089463,ChIJK4XKTwBX7TkRXlLndXUJ_Ew,https://www.google.com/maps/place/?q=place_id:ChIJK4XKTwBX7TkRXlLndXUJ_Ew,part_377,2026-09-20 20:34:58,35199
Hotel Shri Hari pure veg restaurant श्रीहरी प्युअर व्हेज रेस्टॉरंट,Pure Veg Restaurant,Vegetarian restaurant,"Vegetarian restaurant, North Indian restaurant, Paan shop, Party planner, South Indian restaurant, Restaurant",802223,Bihar circle,Patna HQ Region,Bhojpur Division,"Chandi BO, Koil BO, Kumhaila BO",+91 77962 39575,N/A,4.8,,"road, near adul, behind Shri hari lawns, Chhatrapati Sambhajinagar, fata, Beed, Rajapur, Maharashtra 431121","Chhatrapati Sambhajinagar, fata",19.717555,75.56115989999999,ChIJrZJVcwAH2zsRSFfxzReHtg4,https://www.google.com/maps/place/?q=place_id:ChIJrZJVcwAH2zsRSFfxzReHtg4,part_377,2026-09-20 20:35:31,35635
Abhishek Restaurant,Pure Veg Restaurant,Restaurant,Restaurant,802223,Bihar circle,Patna HQ Region,Bhojpur Division,"Chandi BO, Koil BO, Kumhaila BO",+91 98273 61852,N/A,4.7,,"Bhojpur Temple, Bhojpur, Madhya Pradesh 464993",802223,23.0986993,77.57922169999999,ChIJ3ymmdRQ4fDkR_iNn4WHfUtg,https://www.google.com/maps/place/?q=place_id:ChIJ3ymmdRQ4fDkR_iNn4WHfUtg,part_377,2026-09-20 20:35:31,35636
"Dadi Ki Rasoi, Budaun, Pure Vegetarian restaurant",Pure Veg Restaurant,Vegetarian restaurant,Vegetarian restaurant,802223,Bihar circle,Patna HQ Region,Bhojpur Division,"Chandi BO, Koil BO, Kumhaila BO",+91 92580 14275,N/A,4.8,,"SH 43, Bhagautipur, Uttar Pradesh 243601",802223,28.060078299999997,79.1262236,ChIJWZWflLZPdTkRy8TSptq8GDI,https://www.google.com/maps/place/?q=place_id:ChIJWZWflLZPdTkRy8TSptq8GDI,part_377,2026-09-20 20:35:31,35637
Shree Bishnu Bhog - Pure veg Restaurant,Pure Veg Restaurant,Greenhouse,"Greenhouse, Restaurant, Vegetarian restaurant",802226,Bihar Circle,Patna HQ Region,Rohtas Division,"Dawath SO, A Kala BO",+91 90900 58900,N/A,4.2,,"Grand Rd, in front of town police station, Bali Sahi, Puri, Odisha 752001",Bali Sahi,19.808408099999998,85.8230851,ChIJY0oabibHGToRLtog9XakaRY,https://www.google.com/maps/place/?q=place_id:ChIJY0oabibHGToRLtog9XakaRY,part_377,2026-09-20 20:36:04,36685
Agarwal's Pure Veg Restaurant,Pure Veg Restaurant,Vegetarian restaurant,Vegetarian restaurant,802226,Bihar Circle,Patna HQ Region,Rohtas Division,"Dawath SO, A Kala BO",+91 98618 71774,N/A,3.7,,"Grand Rd, beside Hotel Agrawal Pride, Puri, Odisha 752001",802226,19.8071228,85.82117579999999,ChIJ7Uzdl53GGToR-n-raDQW01w,https://www.google.com/maps/place/?q=place_id:ChIJ7Uzdl53GGToR-n-raDQW01w,part_377,2026-09-20 20:36:04,36686
Niyati Cafe,Pure Veg Restaurant,Vegetarian restaurant,"Vegetarian restaurant, Breakfast restaurant, Cafe, Indian restaurant, Italian restaurant",802226,Bihar Circle,Patna HQ Region,Rohtas Division,"Dawath SO, A Kala BO",+91 94156 97081,N/A,4.5,,"8255+7XP Manmandir, D 15/5, Dashashwamedh Ghat Rd, Bangali Tola, Varanasi, Uttar Pradesh 221001",Bangali Tola,25.308134,83.0102014,ChIJ_5xSGh4ujjkRzuXzsIeesYY,https://www.google.com/maps/place/?q=place_id:ChIJ_5xSGh4ujjkRzuXzsIeesYY,part_377,2026-09-20 20:36:04,36687
Amrutam Veg Restaurant,Pure Veg Restaurant,Vegetarian restaurant,Vegetarian restaurant,802226,Bihar Circle,Patna HQ Region,Rohtas Division,"Dawath SO, A Kala BO",+91 6752 291 582,http://amrutamvegrestaurant.com/?utm_source=gmb&utm_medium=referral,3.9,,"TEMPLE, LIONS GATE ROAD, opposite KALI MANDIR, Dolamandap Sahi, Puri, Odisha 752001",Dolamandap Sahi,19.804449299999998,85.8208059,ChIJV2XKSBvFGToRcmQj77QjPy0,https://www.google.com/maps/place/?q=place_id:ChIJV2XKSBvFGToRcmQj77QjPy0,part_377,2026-09-20 20:36:04,36688
Chandan's AC Veg Restaurant,Pure Veg Restaurant,Vegetarian restaurant,"Vegetarian restaurant, Breakfast restaurant, Chinese restaurant, Fast food restaurant, South Indian restaurant",802226,Bihar Circle,Patna HQ Region,Rohtas Division,"Dawath SO, A Kala BO",+91 98611 26839,https://www.facebook.com/chandansrestaurant/,3.7,,"Grand Rd, in front of Akshya Patra Foundation, Balagandi, Puri, Odisha 752001",Balagandi,19.8110355,85.8267924,ChIJmQf-R5_GGToR20ZuyKN1bZM,https://www.google.com/maps/place/?q=place_id:ChIJmQf-R5_GGToR20ZuyKN1bZM,part_377,2026-09-20 20:36:04,36689
"Akshar AC pure veg family restaurant,Puri",Pure Veg Restaurant,Pure Veg Restaurant,Pure Veg Restaurant,802226,Bihar Circle,Patna HQ Region,Rohtas Division,"Dawath SO, A Kala BO",N/A,N/A,4.0,,"RR3R+6W6, Chakra Tirtha Rd, Badasirei, Puri, Odisha 752002",Badasirei,19.8028525,85.8421506,ChIJ6TfpOgDFGToRj-Hm7qqn-Og,https://www.google.com/maps/place/?q=place_id:ChIJ6TfpOgDFGToRj-Hm7qqn-Og,part_377,2026-09-20 20:36:04,36690
HOTEL ROYAL GARDEN (Pure Veg Family Restaurant),Pure Veg Restaurant,Vegetarian restaurant,Vegetarian restaurant,802226,Bihar Circle,Patna HQ Region,Rohtas Division,"Dawath SO, A Kala BO",+91 98606 58307,N/A,4.4,,"At Post:- Pugaon, Mumbai - Goa Hwy, Kolad, Maharashtra 402304",802226,18.431596,73.2060454,ChIJddoBEdgX6DsRYNnWpUJ-CvA,https://www.google.com/maps/place/?q=place_id:ChIJddoBEdgX6DsRYNnWpUJ-CvA,part_377,2026-09-20 20:36:04,36691
Veg Point,Pure Veg Restaurant,Restaurant,"Restaurant, Vegetarian restaurant",802226,Bihar Circle,Patna HQ Region,Rohtas Division,"Dawath SO, A Kala BO",+91 98528 48714,N/A,3.8,,"Langer toli, chauraha, Dariyapur Rd, near gold house, Dariyapur Gola, Langar Toli, machuatoli, Dujra Diara, Patna, Bihar 800004","Dariyapur Gola, Langar Toli, machuatoli, Dujra Diara",25.6158003,85.1583271,ChIJNew38fFY7TkRoSANwFYca-8,https://www.google.com/maps/place/?q=place_id:ChIJNew38fFY7TkRoSANwFYca-8,part_377,2026-09-20 20:36:04,36692
Vrindawan restaurant,Pure Veg Restaurant,Indian restaurant,Indian restaurant,802301,Bihar Circle,Patna HQ Region,Bhojpur Division,"Arrah HO, Waliganj BO, Arrah Chowk SO",+91 92632 75557,N/A,5.0,,"HM54+GJ7, Chowk, pakari, Arrah, Bihar 802301",pakari,25.558787499999998,84.6565469,ChIJA3nmAQBfjTkR-emKOcSEDLc,https://www.google.com/maps/place/?q=place_id:ChIJA3nmAQBfjTkR-emKOcSEDLc,part_377,2026-09-20 20:36:37,37370
Veg Daawat Restaurant,Pure Veg Restaurant,Restaurant,Restaurant,802301,Bihar Circle,Patna HQ Region,Bhojpur Division,"Arrah HO, Waliganj BO, Arrah Chowk SO",+91 62055 64335,N/A,3.9,321.0,"Dak Bunglow Rd, Sadhapur, Chapra, Mukrera, Bihar 841301",Sadhapur,25.780288499999997,84.7371204,ChIJWYMOrze7kjkRliR3XI4bpL8,https://www.google.com/maps/place/?q=place_id:ChIJWYMOrze7kjkRliR3XI4bpL8,part_377,2026-09-20 20:36:38,37371
शुद्ध शाकाहारी भोजनालय,Pure Veg Restaurant,Restaurant,Restaurant,802301,Bihar Circle,Patna HQ Region,Bhojpur Division,"Arrah HO, Waliganj BO, Arrah Chowk SO",N/A,N/A,5.0,1.0,"HJ6X+9CW, Arrah - Buxar Rd, Awadhpuri, pakari, Arrah, Bihar 802301","Awadhpuri, pakari",25.560991899999998,84.6485812,ChIJHbWVhuJfjTkROZ2RL_ZWbJE,https://www.google.com/maps/place/?q=place_id:ChIJHbWVhuJfjTkROZ2RL_ZWbJE,part_377,2026-09-20 20:36:38,37372
Gayatri Hotel,Pure Veg Restaurant,Restaurant,Restaurant,802311,Bihar circle,Patna HQ Region,Bhojpur Division,"Bakhorapur BO, Ekauna BO, Lauhar Farna BO",+91 97981 99991,N/A,3.6,86.0,"MMCW+JWR, Bakhorapur Mandir Rd, near Kali Mandir, Bakhora Pur, Bihar 802311",802311,25.6716136,84.6972808,ChIJ8ZDPlwWkkjkRsrpC71wKKYs,https://www.google.com/maps/place/?q=place_id:ChIJ8ZDPlwWkkjkRsrpC71wKKYs,part_377,2026-09-20 20:37:47,38733
Old Green Hotel,Pure Veg Restaurant,Lunch restaurant,Lunch restaurant,802312,Bihar circle,Patna HQ Region,Bhojpur Division,"Bampali BO, Barka Dumra BO, Belghat Balua BO",+91 88639 11396,N/A,4.7,,"chowk, Station Road, Nawada, Ara, Arrah, Bihar 802301",Nawada,25.553785299999998,84.6664022,ChIJW34Rh5xfjTkRYdZpLnT2y3w,https://www.google.com/maps/place/?q=place_id:ChIJW34Rh5xfjTkRYdZpLnT2y3w,part_377,2026-09-20 20:38:22,39547
SANMITH PURE VEG RESTAURANT,Pure Veg Restaurant,Vegetarian restaurant,Vegetarian restaurant,802313,Bihar circle,Patna HQ Region,Bhojpur Division,"Daulatpur BO, Krishnagarh BO, Saraiyan BO",+91 90876 29135,N/A,4.6,,"M 68/2,7the Avenue, Mahatma Gandhi Rd, Besant Nagar, Chennai, Tamil Nadu 600090","Kakkan Nagar, Besant Nagar",12.996161299999999,80.2640017,ChIJAVcIkZBnUjoRsJrfWrpPaxE,https://www.google.com/maps/place/?q=place_id:ChIJAVcIkZBnUjoRsJrfWrpPaxE,part_377,2026-09-20 20:38:58,40073
Food in Woods Pure Veg.,Pure Veg Restaurant,Restaurant,"Restaurant, Banquet hall",802313,Bihar circle,Patna HQ Region,Bhojpur Division,"Daulatpur BO, Krishnagarh BO, Saraiyan BO",+91 94042 33872,N/A,4.6,,"beside Central bank of india, Sakoli, Maharashtra 441802",802313,21.086202699999998,80.00000639999999,ChIJhV2XatVzKzoRlW1unjjdOxo,https://www.google.com/maps/place/?q=place_id:ChIJhV2XatVzKzoRlW1unjjdOxo,part_377,2026-09-20 20:38:58,40074
PURE VEG RESTAURANT,Pure Veg Restaurant,Restaurant,Restaurant,802313,Bihar circle,Patna HQ Region,Bhojpur Division,"Daulatpur BO, Krishnagarh BO, Saraiyan BO",N/A,N/A,5.0,,"Obra, Uttar Pradesh 231219",802313,24.4572029,82.99256799999999,ChIJTSOv_v_jjjkRXseO1OteFIU,https://www.google.com/maps/place/?q=place_id:ChIJTSOv_v_jjjkRXseO1OteFIU,part_377,2026-09-20 20:38:58,40075
Saudagar® 💚 - Pure Vegetarian Restaurant,Pure Veg Restaurant,Vegetarian restaurant,"Vegetarian restaurant, North Indian restaurant, South Indian restaurant",802313,Bihar circle,Patna HQ Region,Bhojpur Division,"Daulatpur BO, Krishnagarh BO, Saraiyan BO",+91 75838 59999,http://www.saudagarveg.com/,4.6,,"624/3,Ground Floor, St.Anthonys Church, Bardez,Vegator Junction, Vagator, Goa 403509","Vagator, Coutinho Vaddo",15.5980955,73.7441487,ChIJdfOyx6fpvzsROxqvFgT7i3o,https://www.google.com/maps/place/?q=place_id:ChIJdfOyx6fpvzsROxqvFgT7i3o,part_377,2026-09-20 20:38:58,40076
"Grains Pure Veg by Udaan Keepsa, Gangtok",Pure Veg Restaurant,Vegetarian restaurant,Vegetarian restaurant,802313,Bihar circle,Patna HQ Region,Bhojpur Division,"Daulatpur BO, Krishnagarh BO, Saraiyan BO",+91 92390 23294,https://udaanhotels.com/restaurant/grains-by-udaan-keepsa-vegetarian-restuarant-mgmarg-gangtok,4.8,,"Sonam Tshering Marg, Kazi Rd, Gangtok, Sikkim 737103",Arithang,27.3286488,88.614603,ChIJt2jQ3I-l5jkR6wmb5mXgwK0,https://www.google.com/maps/place/?q=place_id:ChIJt2jQ3I-l5jkR6wmb5mXgwK0,part_377,2026-09-20 20:38:58,40077
OMKARA – Pure Veg & Vegan Indian Restaurant,Pure Veg Restaurant,Vegetarian restaurant,Vegetarian restaurant,802313,Bihar circle,Patna HQ Region,Bhojpur Division,"Daulatpur BO, Krishnagarh BO, Saraiyan BO",N/A,N/A,4.7,,"Vishal Nagar, Kathmandu, Bagmati Province 44600, Nepal",Tangal,27.718426899999997,85.33348339999999,ChIJOVhrsM8Z6zkRziXNCcPpzEI,https://www.google.com/maps/place/?q=place_id:ChIJOVhrsM8Z6zkRziXNCcPpzEI,part_377,2026-09-20 20:38:58,40078
"Hotel Prasanna Tea Point, Snacks and Family Restaurant PURE VEG.",Pure Veg Restaurant,Vegetarian restaurant,Vegetarian restaurant,802313,Bihar circle,Patna HQ Region,Bhojpur Division,"Daulatpur BO, Krishnagarh BO, Saraiyan BO",+91 90117 77850,https://shivbahotelanddhaba.godaddysites.com/,4.4,,"Mumbai Hwy, Turori, Maharashtra 413606",802313,17.8286455,76.7078777,ChIJx0a-Qz5FzzsRo1OBeORD-Wc,https://www.google.com/maps/place/?q=place_id:ChIJx0a-Qz5FzzsRo1OBeORD-Wc,part_377,2026-09-20 20:38:58,40079
ADVAY Foods Pure Veg,Pure Veg Restaurant,Vegetarian restaurant,Vegetarian restaurant,802313,Bihar circle,Patna HQ Region,Bhojpur Division,"Daulatpur BO, Krishnagarh BO, Saraiyan BO",+91 96577 02221,N/A,4.6,,"HP Fuel Center, Mumbai - Pune Expy, Tal. Vadgaon, Maval, Taje, Maharashtra 410405","Tal. Vadgaon, Maval",18.750606599999998,73.5179646,ChIJ48yyA_6rwjsRqhinfitD1Vs,https://www.google.com/maps/place/?q=place_id:ChIJ48yyA_6rwjsRqhinfitD1Vs,part_377,2026-09-20 20:38:58,40080
"Grains Pure Veg by Udaan Alpine, Gangtok",Pure Veg Restaurant,Vegetarian restaurant,Vegetarian restaurant,802313,Bihar circle,Patna HQ Region,Bhojpur Division,"Daulatpur BO, Krishnagarh BO, Saraiyan BO",+91 77193 68487,https://udaanhotels.com/restaurant/grains-by-udaan-alpine,4.9,,"Chongeytar, GRBA road, below POC Boys Hostel, Gangtok, Sikkim 737103",802313,27.3442477,88.64984969999999,ChIJF_HcqTiv5jkRDR55xg9xNpc,https://www.google.com/maps/place/?q=place_id:ChIJF_HcqTiv5jkRDR55xg9xNpc,part_377,2026-09-20 20:38:58,40081
Shree Aaryadurga Bhavan Pure Vegetarian Restaurant,Pure Veg Restaurant,Vegetarian restaurant,Vegetarian restaurant,802313,Bihar circle,Patna HQ Region,Bhojpur Division,"Daulatpur BO, Krishnagarh BO, Saraiyan BO",+91 85890 82175,http://www.sabveg.com/,4.4,,"Kattezhathu Complex, near Prakriti Bakes, Achinakam, Vechoor, Vaikom, Kumarakom, Keralam 686144","Achinakam, Vechoor",9.656271,76.4258347,ChIJo-kraTJ_CDsRL9VoQoRvnfM,https://www.google.com/maps/place/?q=place_id:ChIJo-kraTJ_CDsRL9VoQoRvnfM,part_377,2026-09-20 20:38:58,40082
Indian Pure Vegetarian Family Resturant,Pure Veg Restaurant,Restaurant,Restaurant,802313,Bihar circle,Patna HQ Region,Bhojpur Division,"Daulatpur BO, Krishnagarh BO, Saraiyan BO",N/A,https://www.facebook.com/share/1Bi1GtubqC/,4.8,,"Golfutar West Road, Budhanilkantha, Bagmati Province 44600, Nepal",802313,27.778746599999998,85.3620662,ChIJLWraQiIc6zkRnv9lQt2C1sA,https://www.google.com/maps/place/?q=place_id:ChIJLWraQiIc6zkRnv9lQt2C1sA,part_377,2026-09-20 20:38:58,40083
Kathi Junction - Pure Veg Dine-in Restaurant,Pure Veg Restaurant,Vegetarian restaurant,"Vegetarian restaurant, Chinese restaurant, Indian restaurant",802313,Bihar circle,Patna HQ Region,Bhojpur Division,"Daulatpur BO, Krishnagarh BO, Saraiyan BO",+91 95220 77666,N/A,3.9,233.0,"PLOT NO 6, SECTOR C VIDHYA NAGAR, Narmadapuram Rd, opp. BAGSEWANIYA, POLICE STATION, Bhopal, Madhya Pradesh 462026",POLICE STATION,23.192013799999998,77.44994659999999,ChIJhbaIih9DfDkR4ZHpoGDUHmg,https://www.google.com/maps/place/?q=place_id:ChIJhbaIih9DfDkR4ZHpoGDUHmg,part_377,2026-09-20 20:38:59,40084
Raj Rasoi,Pure Veg Restaurant,Family restaurant,"Family restaurant, Chinese restaurant, North Indian restaurant",802313,Bihar circle,Patna HQ Region,Bhojpur Division,"Daulatpur BO, Krishnagarh BO, Saraiyan BO",+91 97714 30753,https://rajrasoi.co.in/,3.9,,"Hathwa Tower, Twin Tower, Nawal Kishor Rd, South Gandhi Maidan, Near, Patna, Bihar 800001","South Gandhi Maidan, Near, Dujra Diara",25.6154557,85.1432664,ChIJl2UeR0dY7TkRVeijBrtklAY,https://www.google.com/maps/place/?q=place_id:ChIJl2UeR0dY7TkRVeijBrtklAY,part_377,2026-09-20 20:38:59,40085
सतीश फास्ट फूड एंड लाइन होटल,Pure Veg Restaurant,Indian restaurant,Indian restaurant,802316,Bihar circle,Patna HQ Region,Bhojpur Division,"Mahulighat BO, Nathmalpur BO, Prashurampur BO",+91 76518 96625,N/A,3.7,,"tin muhani durgapur NH 31 tin muhani durgapur NH 31, Bahoran Tola, Bihar 841313",802316,25.822306899999997,84.5903963,ChIJF9z3_FyXkjkR30ePMldtGBo,https://www.google.com/maps/place/?q=place_id:ChIJF9z3_FyXkjkR30ePMldtGBo,part_377,2026-09-20 20:40:08,41663
Park view line hotel & resturent pure veg,Pure Veg Restaurant,Family restaurant,Family restaurant,802351,Bihar circle,Patna HQ Region,Bhojpur Division,"Balua High School BO, Lachhutola BO, Lahang Dumaria BO",+91 81028 84319,N/A,4.5,4.0,"HGC9+RPF, Patna - Buxar Hwy, Parari, Madhubani, Bihar 802154",802351,25.5720699,84.519308,ChIJyxvpYwCdkjkRs0Vci_PNSpM,https://www.google.com/maps/place/?q=place_id:ChIJyxvpYwCdkjkRs0Vci_PNSpM,part_377,2026-09-20 20:40:42,42241
BIHARI TAWA | Hotel & Restaurant,Pure Veg Restaurant,Indian restaurant,"Indian restaurant, Restaurant",803101,Bihar Circle,"East Region, Bhagalpur",Nalanda Division,"Biharsharif HO, Alinagar SO, Amber SO",+91 91212 12315,N/A,4.5,335.0,"Nh20, near Government dental college and hospital, Nalanda, Paithna, Bhagan Bigha, Bihar 803118",Nalanda,25.2937346,85.5238169,ChIJg0-l-miL8jkRF84FaSpT990,https://www.google.com/maps/place/?q=place_id:ChIJg0-l-miL8jkRF84FaSpT990,part_377,2026-09-20 20:41:54,44174
NEXUS RESTAURANT & CAFE,Pure Veg Restaurant,Restaurant,Restaurant,803101,Bihar Circle,"East Region, Bhagalpur",Nalanda Division,"Biharsharif HO, Alinagar SO, Amber SO",+91 91993 48586,N/A,4.5,84.0,"Ranchi Rd, opp. Laxmi petrolpump, Chhoti Pahari, Bihar Sharif, Bihar 803101",Chhoti Pahari,25.200700899999998,85.5178155,ChIJf2ciqPXz8jkRQAOlr2VkY2E,https://www.google.com/maps/place/?q=place_id:ChIJf2ciqPXz8jkRQAOlr2VkY2E,part_377,2026-09-20 20:41:54,44175
New Dukhi Hotel,Pure Veg Restaurant,Restaurant,Restaurant,803101,Bihar Circle,"East Region, Bhagalpur",Nalanda Division,"Biharsharif HO, Alinagar SO, Amber SO",+91 93869 06554,N/A,4.5,117.0,"Bus Shop, 17no, Ranchi - Patna Rd, Bihar Sharif, Bihar 803118",803101,25.2195492,85.5018017,ChIJD8_azGSN8jkRPjjYyle3ajE,https://www.google.com/maps/place/?q=place_id:ChIJD8_azGSN8jkRPjjYyle3ajE,part_377,2026-09-20 20:41:54,44176
Clover,Pure Veg Restaurant,Restaurant,"Restaurant, Banquet hall, Guest house",803101,Bihar Circle,"East Region, Bhagalpur",Nalanda Division,"Biharsharif HO, Alinagar SO, Amber SO",+91 62012 12290,N/A,4.6,87.0,"Near, Nagar Nigam, above Domino's, Durgasthan, Bihar Sharif, Bihar 803101",Durgasthan,25.2049818,85.5247504,ChIJzVQpbgD18jkR2oMUUERkMYM,https://www.google.com/maps/place/?q=place_id:ChIJzVQpbgD18jkR2oMUUERkMYM,part_377,2026-09-20 20:41:54,44177
Atithi family restaurant,Pure Veg Restaurant,Restaurant,Restaurant,803101,Bihar Circle,"East Region, Bhagalpur",Nalanda Division,"Biharsharif HO, Alinagar SO, Amber SO",+91 86035 50560,N/A,4.0,703.0,"5GW8+PXJ District Board Market, 3/15, Ranchi Rd, near LIC Office, Bharao Par, Chhoti Pahari, Bihar Sharif, Bihar 803101","Bharao Par, Chhoti Pahari",25.1968541,85.51739979999999,ChIJ4yoCEqTz8jkRfve-47wvlPI,https://www.google.com/maps/place/?q=place_id:ChIJ4yoCEqTz8jkRfve-47wvlPI,part_377,2026-09-20 20:41:54,44178
MLD FOOD JUNCTION RESTRO & CAFE,Pure Veg Restaurant,Family restaurant,Family restaurant,803101,Bihar Circle,"East Region, Bhagalpur",Nalanda Division,"Biharsharif HO, Alinagar SO, Amber SO",N/A,https://www.facebook.com/share/1BRfy1jnVg/?mibextid=wwXIfr,3.9,139.0,"Biharsharif Bypass, NH30, Road, Bihar Sharif, Bihar 803118",803101,25.206249099999997,85.4998648,ChIJi7sL16Tz8jkRHQW7nmRIziw,https://www.google.com/maps/place/?q=place_id:ChIJi7sL16Tz8jkRHQW7nmRIziw,part_377,2026-09-20 20:41:54,44179
Gravity grills,Pure Veg Restaurant,Restaurant,Restaurant,803101,Bihar Circle,"East Region, Bhagalpur",Nalanda Division,"Biharsharif HO, Alinagar SO, Amber SO",+91 95897 88810,N/A,3.9,165.0,"Jalalpur, near moti jarah, Sohsarai, Bihar Sharif, Bihar 803118",Sohsarai,25.2180432,85.5163092,ChIJrxnTLZCN8jkRcCexDPAZZoc,https://www.google.com/maps/place/?q=place_id:ChIJrxnTLZCN8jkRcCexDPAZZoc,part_377,2026-09-20 20:41:54,44180
Zorko Bihar Sharif,Pure Veg Restaurant,Restaurant,Restaurant,803101,Bihar Circle,"East Region, Bhagalpur",Nalanda Division,"Biharsharif HO, Alinagar SO, Amber SO",+91 91025 25816,https://zorkobiharsharif.netlify.app/,4.7,81.0,"Zorko, opposite SBI Regional Branch, Nai Sarai, Bihar Sharif, Bihar 803101",Nai Sarai,25.2058915,85.52750549999999,ChIJY3AeT5318jkRexit1xltqIQ,https://www.google.com/maps/place/?q=place_id:ChIJY3AeT5318jkRexit1xltqIQ,part_377,2026-09-20 20:41:54,44181
spice root,Pure Veg Restaurant,Restaurant,Restaurant,803101,Bihar Circle,"East Region, Bhagalpur",Nalanda Division,"Biharsharif HO, Alinagar SO, Amber SO",N/A,N/A,4.1,39.0,"Tower chowk, Nala Rd, Patel Nagar, Bihar Sharif, Bihar 803216",Patel Nagar,25.1991041,85.516452,ChIJJY8jNybz8jkRw_6GMxvDcVs,https://www.google.com/maps/place/?q=place_id:ChIJJY8jNybz8jkRw_6GMxvDcVs,part_377,2026-09-20 20:41:55,44182
"Domino’s pizza | Ramchandarpur, Bihar Sharif",Pure Veg Restaurant,Pizza restaurant,"Pizza restaurant, Italian restaurant, Pizza delivery, Pizza takeaway, Restaurant",803101,Bihar Circle,"East Region, Bhagalpur",Nalanda Division,"Biharsharif HO, Alinagar SO, Amber SO",+91 1800 208 1234,https://dominos.co.in/,4.4,173.0,"Ground And First Floor At Khasra No. 464, Khata No. 36, Nathun Market, Ramchandrapura, Bihar Sharif, PS: Laheri, Bihar Sharif, Bihar 803216",Sherpur,25.1945697,85.5093139,ChIJ52AKxfHz8jkRfeEQlvrmVUs,https://www.google.com/maps/place/?q=place_id:ChIJ52AKxfHz8jkRfeEQlvrmVUs,part_377,2026-09-20 20:41:55,44183
RIDDHI KITCHEN,Pure Veg Restaurant,Restaurant,Restaurant,803101,Bihar Circle,"East Region, Bhagalpur",Nalanda Division,"Biharsharif HO, Alinagar SO, Amber SO",+91 99050 22665,N/A,4.8,161.0,"near Mount litera zee school, Silao, Bihar 803117",803101,25.101090199999998,85.4404077,ChIJ1UMF_Frx8jkRw1YtADHceUs,https://www.google.com/maps/place/?q=place_id:ChIJ1UMF_Frx8jkRw1YtADHceUs,part_377,2026-09-20 20:41:55,44184
Maa Parvati hotel and family restaurant,Pure Veg Restaurant,Restaurant,"Restaurant, Hotel",803101,Bihar Circle,"East Region, Bhagalpur",Nalanda Division,"Biharsharif HO, Alinagar SO, Amber SO",+91 88930 35656,https://www.facebook.com/maaparwatirestaurent?mibextid=ZbWKwL,3.8,,"5G48+C8M, Bijwanpar, Bihar 803216",803101,25.1564102,85.51650219999999,ChIJKzTReSbz8jkRyrW1oHdm4nY,https://www.google.com/maps/place/?q=place_id:ChIJKzTReSbz8jkRyrW1oHdm4nY,part_377,2026-09-20 20:41:55,44185
VEGGIE FAST FOOD,Pure Veg Restaurant,Fast food restaurant,Fast food restaurant,803101,Bihar Circle,"East Region, Bhagalpur",Nalanda Division,"Biharsharif HO, Alinagar SO, Amber SO",+91 99730 72449,N/A,5.0,,"infront of Big byte computer, Shanti Nagar, Nichali Rd, near SKM college, Jehanabad, Bihar 804408",803101,25.2182413,84.99005609999999,ChIJC8qhlxG18jkRyVGpnd1O1hE,https://www.google.com/maps/place/?q=place_id:ChIJC8qhlxG18jkRyVGpnd1O1hE,part_377,2026-09-20 20:41:56,44186
Hotel Veena,Pure Veg Restaurant,Restaurant,Restaurant,803107,Bihar Circle,"East Region, Bhagalpur",Nalanda Division,"Asthawan SO, Abdachak BO, Andi BO",N/A,N/A,4.7,111.0,"NH-20, Bhojpur, Pavapuri, Bihar 803115",Bhojpur,25.074588199999997,85.53108859999999,ChIJoQV5yDl78jkRSSqGF6VstVc,https://www.google.com/maps/place/?q=place_id:ChIJoQV5yDl78jkRSSqGF6VstVc,part_377,2026-09-20 20:42:29,46759
कृष्णा लाईन होटल,Pure Veg Restaurant,Family restaurant,Family restaurant,803107,Bihar Circle,"East Region, Bhagalpur",Nalanda Division,"Asthawan SO, Abdachak BO, Andi BO",N/A,N/A,4.0,277.0,"7MXR+MXM, Bind, Bihar 803107",803107,25.2992103,85.6924176,ChIJCedVeINn8jkRaXI6pPY-6sg,https://www.google.com/maps/place/?q=place_id:ChIJCedVeINn8jkRaXI6pPY-6sg,part_377,2026-09-20 20:42:29,46760
HOTEL HANSRAJ & FAMILY RESTAURANT,Pure Veg Restaurant,Restaurant,Restaurant,803107,Bihar Circle,"East Region, Bhagalpur",Nalanda Division,"Asthawan SO, Abdachak BO, Andi BO",N/A,N/A,4.8,20.0,"NH-20, Ranchi - Patna Rd, Pavapuri, Bihar 803115",803107,25.0878659,85.53412,ChIJxS7UIgD38jkRbBVOgVWJvNw,https://www.google.com/maps/place/?q=place_id:ChIJxS7UIgD38jkRbBVOgVWJvNw,part_377,2026-09-20 20:42:29,46761
BaBa Baidhanath Family & Line Hotel,Pure Veg Restaurant,Indian restaurant,Indian restaurant,803107,Bihar Circle,"East Region, Bhagalpur",Nalanda Division,"Asthawan SO, Abdachak BO, Andi BO",+91 93040 43636,N/A,4.2,32.0,"4Q48+MH, Kusmaha, Bihar 811105",803107,25.1066595,85.766531,ChIJ72-Gaqtb8jkR-hQHVUQiExE,https://www.google.com/maps/place/?q=place_id:ChIJ72-Gaqtb8jkR-hQHVUQiExE,part_377,2026-09-20 20:42:29,46762
MIRCH MASALA AC FAMILY RESTAURANT,Pure Veg Restaurant,Restaurant,Restaurant,803107,Bihar Circle,"East Region, Bhagalpur",Nalanda Division,"Asthawan SO, Abdachak BO, Andi BO",+91 73719 67098,N/A,3.9,33.0,"Biharsharif - Katrisarai Rd, Ahiya Chak, Katrisarai, Bihar 805105",803107,25.0872204,85.6328013,ChIJwxKDAQ1Z8jkR75JbnqQAl-8,https://www.google.com/maps/place/?q=place_id:ChIJwxKDAQ1Z8jkR75JbnqQAl-8,part_377,2026-09-20 20:42:29,46763
Ambika Pure Veg. Family Restaurant,Pure Veg Restaurant,Vegetarian restaurant,Vegetarian restaurant,803107,Bihar Circle,"East Region, Bhagalpur",Nalanda Division,"Asthawan SO, Abdachak BO, Andi BO",N/A,N/A,4.8,,"JFFH+9XV, Kharda, Maharashtra 413204",803107,18.6234815,75.4799176,ChIJUx6CTnnDxDsRvM9WtO5TViU,https://www.google.com/maps/place/?q=place_id:ChIJUx6CTnnDxDsRvM9WtO5TViU,part_377,2026-09-20 20:42:30,46764
Hotel Mangal Shree,Pure Veg Restaurant,Dhaba,Dhaba,803107,Bihar Circle,"East Region, Bhagalpur",Nalanda Division,"Asthawan SO, Abdachak BO, Andi BO",+91 99345 09985,N/A,3.2,,"4GCF+995, Beraunti, Bihar 803115",803107,25.1208921,85.5234864,ChIJTR8Q9an28jkREmvR93biW9s,https://www.google.com/maps/place/?q=place_id:ChIJTR8Q9an28jkREmvR93biW9s,part_377,2026-09-20 20:42:31,46765
Mahi line hotel,Pure Veg Restaurant,Vegetarian restaurant,Vegetarian restaurant,803107,Bihar Circle,"East Region, Bhagalpur",Nalanda Division,"Asthawan SO, Abdachak BO, Andi BO",N/A,N/A,4.0,,"F4C4+7PH, Punpun, Bihar 804453",Punpun,25.4706856,85.10686489999999,ChIJo2RtSwCl8jkRyZZFK5PDtzg,https://www.google.com/maps/place/?q=place_id:ChIJo2RtSwCl8jkRyZZFK5PDtzg,part_377,2026-09-20 20:42:31,46766
RADHA RANI PURE VEG. RESTAURANT,Pure Veg Restaurant,Restaurant,Restaurant,803107,Bihar Circle,"East Region, Bhagalpur",Nalanda Division,"Asthawan SO, Abdachak BO, Andi BO",+91 70719 24421,N/A,3.5,,"Rajabazar, Jehanabad, Bihar 804408",Rajabazar,25.2128077,84.98213319999999,ChIJIaS14l-18jkRGyuU6Gdgl0k,https://www.google.com/maps/place/?q=place_id:ChIJIaS14l-18jkRGyuU6Gdgl0k,part_377,2026-09-20 20:42:31,46767
Anpuma Veg Rasoi Ghar,Pure Veg Restaurant,Vegetarian restaurant,Vegetarian restaurant,803107,Bihar Circle,"East Region, Bhagalpur",Nalanda Division,"Asthawan SO, Abdachak BO, Andi BO",+91 99340 69104,N/A,3.7,,"Chanakya Nagar Rd, Kumhrar, Patna, Bihar 800026",Kumhrar,25.5970466,85.1814799,ChIJcy-9fX1Z7TkRaORDkluy3sk,https://www.google.com/maps/place/?q=place_id:ChIJcy-9fX1Z7TkRaORDkluy3sk,part_377,2026-09-20 20:42:31,46768
फौजी होटल फैमिली रेस्टोरेंट,Pure Veg Restaurant,Family restaurant,Family restaurant,803108,Bihar Circle,"East Region, Bhagalpur",Nalanda Division,"Chandi SO, Badhauna BO, Bhadru BO",+91 95553 06131,N/A,4.6,,"8C2R+RWQ, Beldhana, Bihar 803113",803108,25.302078599999998,85.442375,ChIJdQzzUACN8jkRjnm-Pmw0t60,https://www.google.com/maps/place/?q=place_id:ChIJdQzzUACN8jkRjnm-Pmw0t60,part_377,2026-09-20 20:43:06,48418
FOOD MAHAL RESTAURANT AND BANQUET HALL,Pure Veg Restaurant,Family restaurant,Family restaurant,803108,Bihar Circle,"East Region, Bhagalpur",Nalanda Division,"Chandi SO, Badhauna BO, Bhadru BO",+91 70040 51205,N/A,4.2,,"SH 78, Serampore, Kharij Jama, Bihar 803113",Serampore,25.3033829,85.4369801,ChIJm1l0FMeT8jkRXEB72CAo0-U,https://www.google.com/maps/place/?q=place_id:ChIJm1l0FMeT8jkRXEB72CAo0-U,part_377,2026-09-20 20:43:06,48419
The spicy family restaurant,Pure Veg Restaurant,Restaurant,Restaurant,803108,Bihar Circle,"East Region, Bhagalpur",Nalanda Division,"Chandi SO, Badhauna BO, Bhadru BO",N/A,N/A,4.3,,"Nalanda engineering college, road, Srinagar, Chandi, Bihar 803108",Srinagar,25.3216258,85.40718969999999,ChIJc1TxdbKR8jkRv1d7_KLmUKE,https://www.google.com/maps/place/?q=place_id:ChIJc1TxdbKR8jkRv1d7_KLmUKE,part_377,2026-09-20 20:43:06,48420
"Tulsiram Pizza Singh - Pizza Shop in chandi,Nalanda - veg and non-veg pizza , burger and fries",Pure Veg Restaurant,Pizza restaurant,Pizza restaurant,803108,Bihar Circle,"East Region, Bhagalpur",Nalanda Division,"Chandi SO, Badhauna BO, Bhadru BO",+91 72176 08484,http://pizzasingh.co.in/,4.7,,"Engineering College More, Main Rd, Srinagar, Chandi, Bihar 803108",Srinagar,25.321834199999998,85.4068187,ChIJt_R_3EyR8jkRwTrePxJHCxw,https://www.google.com/maps/place/?q=place_id:ChIJt_R_3EyR8jkRwTrePxJHCxw,part_377,2026-09-20 20:43:06,48421
Gokul Restaurant ️ गोकुल रेस्टोरेंट,Pure Veg Restaurant,Restaurant,"Restaurant, Food court",803108,Bihar Circle,"East Region, Bhagalpur",Nalanda Division,"Chandi SO, Badhauna BO, Bhadru BO",+91 78703 43835,N/A,4.2,,"near prince Studio, Pul Par, Chandi, Bihar 803108",Pul Par,25.326773199999998,85.40196279999999,ChIJ0w5wsUiR8jkRkrVn-FLnN0c,https://www.google.com/maps/place/?q=place_id:ChIJ0w5wsUiR8jkRkrVn-FLnN0c,part_377,2026-09-20 20:43:06,48422
Spice Haven Restaurant,Pure Veg Restaurant,Restaurant,Restaurant,803108,Bihar Circle,"East Region, Bhagalpur",Nalanda Division,"Chandi SO, Badhauna BO, Bhadru BO",N/A,N/A,4.5,,"East of Sbi Bank, Chandi, Bihar 803108",803108,25.323661899999998,85.4061825,ChIJJZeA-gmR8jkRXNLnM9RORYM,https://www.google.com/maps/place/?q=place_id:ChIJJZeA-gmR8jkRXNLnM9RORYM,part_377,2026-09-20 20:43:06,48423
HUNGER BITE A/C FAMILY RESTAURANT and DHABA CHAUHAN MORE (BELDARI PAR),Pure Veg Restaurant,Restaurant,Restaurant,803108,Bihar Circle,"East Region, Bhagalpur",Nalanda Division,"Chandi SO, Badhauna BO, Bhadru BO",N/A,N/A,4.1,,"Beldari Par, Nur Sarai Rd, Chandpur, Bihar 803113",803108,25.2873616,85.4558174,ChIJE-JxfwCN8jkRps17jCqrNRU,https://www.google.com/maps/place/?q=place_id:ChIJE-JxfwCN8jkRps17jCqrNRU,part_377,2026-09-20 20:43:06,48424
muskan family restaurent and fast food,Pure Veg Restaurant,Family restaurant,"Family restaurant, Fast food restaurant",803108,Bihar Circle,"East Region, Bhagalpur",Nalanda Division,"Chandi SO, Badhauna BO, Bhadru BO",+91 88776 06184,N/A,4.0,,"Engineering college road, Srinagar, Chandi, Bihar 803108",Srinagar,25.321851799999997,85.40683469999999,ChIJmyBf5tWR8jkR-1hG0EiHA4w,https://www.google.com/maps/place/?q=place_id:ChIJmyBf5tWR8jkR-1hG0EiHA4w,part_377,2026-09-20 20:43:06,48425
Buddha Family AC Restaurant,Pure Veg Restaurant,Family restaurant,Family restaurant,803108,Bihar Circle,"East Region, Bhagalpur",Nalanda Division,"Chandi SO, Badhauna BO, Bhadru BO",+91 95705 46698,N/A,3.8,,"Chandi, Pushpa Nagar, Rukhai, Bihar 801305","Chandi, Pushpa Nagar",25.3601523,85.3754503,ChIJvdDTUPWR8jkR5d2svTYs3O0,https://www.google.com/maps/place/?q=place_id:ChIJvdDTUPWR8jkR5d2svTYs3O0,part_377,2026-09-20 20:43:06,48426
Yogi Hotel,Pure Veg Restaurant,Non Vegetarian Restaurant,Non Vegetarian Restaurant,803108,Bihar Circle,"East Region, Bhagalpur",Nalanda Division,"Chandi SO, Badhauna BO, Bhadru BO",+91 72958 33721,N/A,3.9,,"876H+WJC, Yogipur Road, Hilsa, Bihar 801302",803108,25.312317399999998,85.27900079999999,ChIJY5kt9ASW8jkRmvYeZPfyNVA,https://www.google.com/maps/place/?q=place_id:ChIJY5kt9ASW8jkRmvYeZPfyNVA,part_377,2026-09-20 20:43:06,48427
Wildbean Café | Bhagan Bigha,Pure Veg Restaurant,Restaurant,"Restaurant, Coffee roastery, Coffee store, Espresso bar, Pizza restaurant, Coffee shop, Sandwich shop, Tea store",803108,Bihar Circle,"East Region, Bhagalpur",Nalanda Division,"Chandi SO, Badhauna BO, Bhadru BO",+91 70333 95750,https://www.jiobp.com/products-and-services/wild-bean-cafe,4.9,,"Khata No-55/51, M/S. Shubham Petro, Salehpur, Bihar 803113",803108,25.293260999999998,85.452703,ChIJ3fhPfgeN8jkRAyB43JF-JtA,https://www.google.com/maps/place/?q=place_id:ChIJ3fhPfgeN8jkRAyB43JF-JtA,part_377,2026-09-20 20:43:06,48428
Shagun Restaurant,Pure Veg Restaurant,Family restaurant,"Family restaurant, Breakfast restaurant, Restaurant",803108,Bihar Circle,"East Region, Bhagalpur",Nalanda Division,"Chandi SO, Badhauna BO, Bhadru BO",+91 92348 99099,N/A,3.9,,"Hilsa, Bihar 801302",803108,25.312806,85.28001599999999,ChIJj06gAgWW8jkRspQA6SIYwtE,https://www.google.com/maps/place/?q=place_id:ChIJj06gAgWW8jkRspQA6SIYwtE,part_377,2026-09-20 20:43:06,48429
The Bihari mess and bhojnalaya,Pure Veg Restaurant,Family restaurant,Family restaurant,803108,Bihar Circle,"East Region, Bhagalpur",Nalanda Division,"Chandi SO, Badhauna BO, Bhadru BO",N/A,N/A,4.0,,"H5W9+HG9, Kanti Factory Rd, Mahatma Gandhi Nagar, Chitragupta Nagar, Patna, Bihar 800026","Mahatma Gandhi Nagar, Chitragupta Nagar",25.5964127,85.1688679,ChIJbaYIfABZ7TkR1Es3zxXb5dw,https://www.google.com/maps/place/?q=place_id:ChIJbaYIfABZ7TkR1Es3zxXb5dw,part_377,2026-09-20 20:43:08,48430
Om Sai Ram Sweets Plaza & Family Restaurant,Pure Veg Restaurant,Family restaurant,Family restaurant,803108,Bihar Circle,"East Region, Bhagalpur",Nalanda Division,"Chandi SO, Badhauna BO, Bhadru BO",+91 91550 98430,N/A,3.7,,"Silao Rd, Silao, Bihar 803117",803108,25.082290999999998,85.4301089,ChIJSzvuPq_v8jkRJKT8LPWu7aM,https://www.google.com/maps/place/?q=place_id:ChIJSzvuPq_v8jkRJKT8LPWu7aM,part_377,2026-09-20 20:43:08,48431
KANHA PURE VEG FOOD PARK,Pure Veg Restaurant,Restaurant,Restaurant,803109,Bihar circle,"East Region, Bhagalpur",Nawadha Division,"Adampur BO, Bindidih BO, Gopalpur BO",+91 79797 61753,N/A,4.8,5706.0,"Dumri, Jamtara, Jharkhand 825106",803109,23.994781999999997,86.0126465,ChIJnYm51QcP9DkR8xiYAZ5DJko,https://www.google.com/maps/place/?q=place_id:ChIJnYm51QcP9DkR8xiYAZ5DJko,part_377,2026-09-20 20:43:40,49828
New Sujata Family Restaurant,Pure Veg Restaurant,Vegetarian restaurant,"Vegetarian restaurant, Chicken restaurant",803109,Bihar circle,"East Region, Bhagalpur",Nawadha Division,"Adampur BO, Bindidih BO, Gopalpur BO",N/A,N/A,4.0,23.0,"3CWP+JMX, NH-82, Silao, Bihar 803117",803109,25.097476699999998,85.4379336,ChIJn0ZNPPjx8jkRtS9tDQxaznA,https://www.google.com/maps/place/?q=place_id:ChIJn0ZNPPjx8jkRtS9tDQxaznA,part_377,2026-09-20 20:43:40,49829
APNA Hotel,Pure Veg Restaurant,Vegetarian restaurant,"Vegetarian restaurant, Fast food restaurant",803109,Bihar circle,"East Region, Bhagalpur",Nawadha Division,"Adampur BO, Bindidih BO, Gopalpur BO",N/A,N/A,3.9,208.0,"Ranchi - Patna Rd, Bihar Sharif, Bihar 803109",803109,25.0143403,85.5281799,ChIJX3HuX_D58jkRhV_lyVzCx40,https://www.google.com/maps/place/?q=place_id:ChIJX3HuX_D58jkRhV_lyVzCx40,part_377,2026-09-20 20:43:40,49830
Jungle restaurant,Pure Veg Restaurant,North Indian restaurant,North Indian restaurant,803109,Bihar circle,"East Region, Bhagalpur",Nawadha Division,"Adampur BO, Bindidih BO, Gopalpur BO",+91 85440 06060,https://junglerestaurant.in/disclaimer/,4.2,2300.0,"VGRR+9M6, Kachahari Rd, Nawada, Bihar 805110",803109,24.8909108,85.5416509,ChIJLXHQTRD_8jkRzSyzzUYKHGU,https://www.google.com/maps/place/?q=place_id:ChIJLXHQTRD_8jkRzSyzzUYKHGU,part_377,2026-09-20 20:43:40,49831
Ganpati Restaurant & Banquet,Pure Veg Restaurant,Indian restaurant,Indian restaurant,803109,Bihar circle,"East Region, Bhagalpur",Nawadha Division,"Adampur BO, Bindidih BO, Gopalpur BO",+91 99396 51555,https://ganpatirestaurant.in/,4.8,3016.0,"in ganpati sweets, Sadbhawana chowk, Mirdah Toli, Dr. Sultan Ahmad Colony, Nawada, Bihar 805112","Mirdah Toli, Dr. Sultan Ahmad Colony",24.8774406,85.5387641,ChIJkZ9Et1L_8jkRF_Cyv3vDHrM,https://www.google.com/maps/place/?q=place_id:ChIJkZ9Et1L_8jkRF_Cyv3vDHrM,part_377,2026-09-20 20:43:40,49832
Gun Gun Family Restaurant & Swimming Pool,Pure Veg Restaurant,Restaurant,Restaurant,803109,Bihar circle,"East Region, Bhagalpur",Nawadha Division,"Adampur BO, Bindidih BO, Gopalpur BO",+91 81939 57047,https://gun-gun-family.grexa.site/,4.7,32.0,"Kena More, Madho Bigha Main Road, Sitarampur, Sonsihari, Bihar 805123",803109,24.9680766,85.5288578,ChIJFwZl3eL58jkRxXdGbYgh8BQ,https://www.google.com/maps/place/?q=place_id:ChIJFwZl3eL58jkRxXdGbYgh8BQ,part_377,2026-09-20 20:43:40,49833
Jmaaj New Jagdamba Restaurant,Pure Veg Restaurant,Indian restaurant,Indian restaurant,803109,Bihar circle,"East Region, Bhagalpur",Nawadha Division,"Adampur BO, Bindidih BO, Gopalpur BO",+91 97718 63408,N/A,3.8,40.0,"New jagdamba Restaurant kenamore,Madho Bigha,NH31, Bihar 805123",803109,24.9694203,85.5286258,ChIJma-_6Xr58jkR2zPeXnaqHB8,https://www.google.com/maps/place/?q=place_id:ChIJma-_6Xr58jkR2zPeXnaqHB8,part_377,2026-09-20 20:43:40,49834
Royal family Restaurant,Pure Veg Restaurant,Indian restaurant,Indian restaurant,803109,Bihar circle,"East Region, Bhagalpur",Nawadha Division,"Adampur BO, Bindidih BO, Gopalpur BO",+91 92055 16468,N/A,4.6,43.0,"1st Floor, Savitri Market, 03, NH 20, Nawada, Ambika Bigha, Nawada, Bihar 805123",Nawada,24.9858753,85.52792989999999,ChIJIyuYuUL58jkRnz-Y-3q4Bis,https://www.google.com/maps/place/?q=place_id:ChIJIyuYuUL58jkRnz-Y-3q4Bis,part_377,2026-09-20 20:43:40,49835
Sonali restaurant,Pure Veg Restaurant,Restaurant,"Restaurant, Soup restaurant",803109,Bihar circle,"East Region, Bhagalpur",Nawadha Division,"Adampur BO, Bindidih BO, Gopalpur BO",+91 79031 06837,N/A,4.2,25.0,"Medical. Collage vs near thana, Pavapuri, Bihar 803115",803109,25.089167399999997,85.5401874,ChIJmyRXN8338jkR8BXbTehpCPI,https://www.google.com/maps/place/?q=place_id:ChIJmyRXN8338jkR8BXbTehpCPI,part_377,2026-09-20 20:43:40,49836
Hotel Pawapuri,Pure Veg Restaurant,Indian restaurant,Indian restaurant,803109,Bihar circle,"East Region, Bhagalpur",Nawadha Division,"Adampur BO, Bindidih BO, Gopalpur BO",N/A,N/A,3.7,175.0,"3GQJ+8FG, Pawapuri Bazar, Pavapuri, Bihar 803115",Pawapuri Bazar,25.088310399999997,85.5311973,ChIJLSEGZcX28jkRlooTUQcXjSg,https://www.google.com/maps/place/?q=place_id:ChIJLSEGZcX28jkRlooTUQcXjSg,part_377,2026-09-20 20:43:40,49837
SHAKAHARI PURE VEG RESTAURANT,Pure Veg Restaurant,Vegetarian restaurant,Vegetarian restaurant,803109,Bihar circle,"East Region, Bhagalpur",Nawadha Division,"Adampur BO, Bindidih BO, Gopalpur BO",+91 70639 39485,N/A,4.3,,"Neil Islands, Ram Nagar, Andaman and Nicobar Islands 744104",Neil Islands,11.824055399999999,93.0364087,ChIJu7GD6wDZiDARb5PZ-7-hmf8,https://www.google.com/maps/place/?q=place_id:ChIJu7GD6wDZiDARb5PZ-7-hmf8,part_377,2026-09-20 20:43:40,49838
Anand Pure Veg Restaurant,Pure Veg Restaurant,Vegetarian restaurant,"Vegetarian restaurant, South Indian restaurant",803109,Bihar circle,"East Region, Bhagalpur",Nawadha Division,"Adampur BO, Bindidih BO, Gopalpur BO",+91 98004 92627,N/A,4.2,,"MXPC+G29, Hutton Rd, Pathak Bari, Asansol, West Bengal 713301",Pathak Bari,23.6862985,86.9700963,ChIJV3z3gCcf9zkR7erYeckVcgU,https://www.google.com/maps/place/?q=place_id:ChIJV3z3gCcf9zkR7erYeckVcgU,part_377,2026-09-20 20:43:41,49839
Zaika Food Plaza,Pure Veg Restaurant,Fast food restaurant,"Fast food restaurant, Family restaurant",803109,Bihar circle,"East Region, Bhagalpur",Nawadha Division,"Adampur BO, Bindidih BO, Gopalpur BO",+91 85446 56463,N/A,3.6,13.0,"Main, Road Main Road, New Area, Patna, Nawada, Bihar 800001",New Area,24.887117399999998,85.5418624,ChIJp8hMbgD_8jkR-MHUZ3ILGSE,https://www.google.com/maps/place/?q=place_id:ChIJp8hMbgD_8jkR-MHUZ3ILGSE,part_377,2026-09-20 20:43:41,49840
Narus Cafee,Pure Veg Restaurant,Restaurant,"Restaurant, Cafe",803109,Bihar circle,"East Region, Bhagalpur",Nawadha Division,"Adampur BO, Bindidih BO, Gopalpur BO",+91 96480 43131,https://www.facebook.com/profile.php?id=61571174364480&mibextid=ZbWKwL,4.8,1702.0,"Deokali, Ayodhya, Faizabad, Uttar Pradesh 224001",Deokali,26.771810199999997,82.1632783,ChIJbbiEjBUHmjkR-k2G54HL6Yg,https://www.google.com/maps/place/?q=place_id:ChIJbbiEjBUHmjkR-k2G54HL6Yg,part_377,2026-09-20 20:43:41,49841
Rang Mahal Multi Cuisine Restaurant,Pure Veg Restaurant,Restaurant,Restaurant,803110,Bihar Circle,"East Region, Bhagalpur",Nalanda Division,"Harnaut SO, Badarbali BO, Bajitpur Mudhari BO",+91 99801 06090,N/A,4.8,,"Bakhtiyarpur Road, Fatwa, Salimpur, Fatwah, Bihar 803202",Fatwa,25.455415499999997,85.4686967,ChIJMRLlPACF8jkRLQFueCMA41M,https://www.google.com/maps/place/?q=place_id:ChIJMRLlPACF8jkRLQFueCMA41M,part_377,2026-09-20 20:44:55,51917
The Seasons Resaurant,Pure Veg Restaurant,Family restaurant,Family restaurant,803110,Bihar Circle,"East Region, Bhagalpur",Nalanda Division,"Harnaut SO, Badarbali BO, Bajitpur Mudhari BO",N/A,N/A,4.3,,"NH 30, Patna - Bakhtiyarpur Rd, 4 lene, Chak Daulat, Mogalpura, Bihar 803202",4 lene,25.4561681,85.4848887,ChIJxdLyBACF8jkRaVhSPZEzTHU,https://www.google.com/maps/place/?q=place_id:ChIJxdLyBACF8jkRaVhSPZEzTHU,part_377,2026-09-20 20:44:55,51918
Lotus Restaurant,Pure Veg Restaurant,Family restaurant,Family restaurant,803110,Bihar Circle,"East Region, Bhagalpur",Nalanda Division,"Harnaut SO, Badarbali BO, Bajitpur Mudhari BO",+91 80026 93326,https://www.lotusrestaurantpatna.in/,4.0,,"Plot no 984,Alipur NH 30,Bakhtiyarpur Four Lane,1km From Jagdamba Mandir, Karauta, Bihar 803202",803110,25.4621078,85.4512575,ChIJ_eesSgaF8jkRbTCrtP_3_cA,https://www.google.com/maps/place/?q=place_id:ChIJ_eesSgaF8jkRbTCrtP_3_cA,part_377,2026-09-20 20:44:55,51919
Lucky Line and family restaurant,Pure Veg Restaurant,Family restaurant,Family restaurant,803110,Bihar Circle,"East Region, Bhagalpur",Nalanda Division,"Harnaut SO, Badarbali BO, Bajitpur Mudhari BO",N/A,N/A,4.3,,"7GM9+VJ2, Bhagan Bigha, Bihar 803118",803110,25.2846409,85.5190042,ChIJj6BldQCN8jkRJfhfgDCYCi0,https://www.google.com/maps/place/?q=place_id:ChIJj6BldQCN8jkRJfhfgDCYCi0,part_377,2026-09-20 20:44:55,51920
Maa Jagdamba Dhaba,Pure Veg Restaurant,Hotel,"Hotel, Family restaurant",803110,Bihar Circle,"East Region, Bhagalpur",Nalanda Division,"Harnaut SO, Badarbali BO, Bajitpur Mudhari BO",+91 97089 03911,N/A,4.1,,"NH 31NH 31, Mushari, Harnaut, Bihar 803110",803110,25.385127999999998,85.5400483,ChIJJeZEzr-I8jkRbZ2jmBZgo6Y,https://www.google.com/maps/place/?q=place_id:ChIJJeZEzr-I8jkRbZ2jmBZgo6Y,part_377,2026-09-20 20:44:55,51921
Kulhad pizza,Pure Veg Restaurant,Pizza restaurant,Pizza restaurant,803110,Bihar Circle,"East Region, Bhagalpur",Nalanda Division,"Harnaut SO, Badarbali BO, Bajitpur Mudhari BO",+91 79797 42825,N/A,4.9,403.0,"Purani Bajar, Thana, near Bakhtiyarpur, near Purani Bajar, Bakhtiarpur, Bihar 803212",Sangat,25.4604003,85.53138969999999,ChIJu-IjJieH8jkRJ7mEFeEuAgk,https://www.google.com/maps/place/?q=place_id:ChIJu-IjJieH8jkRJ7mEFeEuAgk,part_377,2026-09-20 20:44:56,51922
Atithi Hotel,Pure Veg Restaurant,Indian restaurant,"Indian restaurant, Breakfast restaurant",803110,Bihar Circle,"East Region, Bhagalpur",Nalanda Division,"Harnaut SO, Badarbali BO, Bajitpur Mudhari BO",N/A,N/A,4.0,260.0,"FC7W+R3W, Patna-Bakthihyarpur Highway, near Jagadamba Temple, Gangapur Narauli, Bihar 803202",803110,25.4646099,85.4452001,ChIJmWMXU86E8jkRK7cH4khFXSo,https://www.google.com/maps/place/?q=place_id:ChIJmWMXU86E8jkRK7cH4khFXSo,part_377,2026-09-20 20:44:56,51923
Curry in a hurry,Pure Veg Restaurant,Indian restaurant,Indian restaurant,803110,Bihar Circle,"East Region, Bhagalpur",Nalanda Division,"Harnaut SO, Badarbali BO, Bajitpur Mudhari BO",N/A,N/A,4.4,,"J654+G4M, Kunj Gali, Gulzarbagh, Sadikpur, Patna, Bihar 800007","Gulzarbagh, Sadikpur",25.6088252,85.20531199999999,ChIJNWjuZQBf7TkRorvJ9tkMqA4,https://www.google.com/maps/place/?q=place_id:ChIJNWjuZQBf7TkRorvJ9tkMqA4,part_377,2026-09-20 20:44:57,51924
Gupchup,Pure Veg Restaurant,Vegetarian restaurant,Vegetarian restaurant,803110,Bihar Circle,"East Region, Bhagalpur",Nalanda Division,"Harnaut SO, Badarbali BO, Bajitpur Mudhari BO",+91 79745 97027,N/A,3.8,,"Gaighat, Sadikpur, Patna, Bihar 800007","Gaighat, Sadikpur",25.6068067,85.20245059999999,ChIJ9-iTK8Zf7TkRCArskeWad7M,https://www.google.com/maps/place/?q=place_id:ChIJ9-iTK8Zf7TkRCArskeWad7M,part_377,2026-09-20 20:44:57,51925
Makhanlal Restaurant,Pure Veg Restaurant,Indian restaurant,Indian restaurant,803111,Bihar Circle,"East Region, Bhagalpur",Nalanda Division,"Nalanda SO, Bargaon BO, Deepnagar BO",+91 73210 13519,N/A,4.8,120.0,"Bihar - Mokama Rd, Hansrajpur, Rajgir, Bihar 803116",Hansrajpur,25.0288394,85.4308728,ChIJiUVHdOTv8jkRj2tr-XZAbQ4,https://www.google.com/maps/place/?q=place_id:ChIJiUVHdOTv8jkRj2tr-XZAbQ4,part_377,2026-09-20 20:45:31,53410
Bombay Cafe & Family Restaurant,Pure Veg Restaurant,Family restaurant,Family restaurant,803111,Bihar Circle,"East Region, Bhagalpur",Nalanda Division,"Nalanda SO, Bargaon BO, Deepnagar BO",N/A,N/A,4.4,155.0,"Bihar Sharif - Rajgir Rd, near Hotel Diamond Inn, opposite Honda Soroom, Dangi Tola, Rajgir, Bihar 803116",Dangi Tola,25.030757599999998,85.417509,ChIJmWgefwDv8jkRVd1stbTaHLQ,https://www.google.com/maps/place/?q=place_id:ChIJmWgefwDv8jkRVd1stbTaHLQ,part_377,2026-09-20 20:45:31,53411
Terrace Grill - (Rooftop Restaurant),Pure Veg Restaurant,Restaurant,Restaurant,803111,Bihar Circle,"East Region, Bhagalpur",Nalanda Division,"Nalanda SO, Bargaon BO, Deepnagar BO",+91 96674 49013,https://www.hotelbodhiretreatrajgir.com/about-4,4.4,124.0,"Hotel Bodhi Retreat, near Smart Point Mall, Rajgir, Bihar 803116",803111,25.029229599999997,85.4310244,ChIJy_T8dFnv8jkRZl4BZh32Lrk,https://www.google.com/maps/place/?q=place_id:ChIJy_T8dFnv8jkRZl4BZh32Lrk,part_377,2026-09-20 20:45:31,53412
Handiya Restaurant,Pure Veg Restaurant,Restaurant,Restaurant,803111,Bihar Circle,"East Region, Bhagalpur",Nalanda Division,"Nalanda SO, Bargaon BO, Deepnagar BO",+91 99346 41666,N/A,4.4,153.0,"Gautam Vihar Main Road, opposite Gargee, Dangi Tola, Rajgir, Bihar 803116",Dangi Tola,25.0294948,85.4173714,ChIJjwMLybvv8jkR4YQCpx01fgc,https://www.google.com/maps/place/?q=place_id:ChIJjwMLybvv8jkR4YQCpx01fgc,part_377,2026-09-20 20:45:31,53413
Rock House Restaurant,Pure Veg Restaurant,Restaurant,Restaurant,803111,Bihar Circle,"East Region, Bhagalpur",Nalanda Division,"Nalanda SO, Bargaon BO, Deepnagar BO",+91 96674 49013,https://www.hotelbodhiretreatrajgir.com/,4.2,124.0,"Hotel Bodhi Retreat, Rajgir, Bihar 803116",803111,25.0290276,85.43096969999999,ChIJ7cpPT1fv8jkR02qZu4YNRxo,https://www.google.com/maps/place/?q=place_id:ChIJ7cpPT1fv8jkR02qZu4YNRxo,part_377,2026-09-20 20:45:31,53414
Praanam Veg Restaurant,Pure Veg Restaurant,Vegetarian restaurant,Vegetarian restaurant,803111,Bihar Circle,"East Region, Bhagalpur",Nalanda Division,"Nalanda SO, Bargaon BO, Deepnagar BO",+91 88068 65656,https://sites.google.com/view/praanamveg/home,4.5,631.0,"Gate No-744/A, opposite Kalagovind Lawns, NH-65, Pune - Solapur Rd, Sortapwadi Phata, Maharashtra 412201",803111,18.487994,74.0784635,ChIJXZpfb3fnwjsRPLUKInyqgqI,https://www.google.com/maps/place/?q=place_id:ChIJXZpfb3fnwjsRPLUKInyqgqI,part_377,2026-09-20 20:45:31,53415
RAJGRIHA DINING,Pure Veg Restaurant,Restaurant,Restaurant,803111,Bihar Circle,"East Region, Bhagalpur",Nalanda Division,"Nalanda SO, Bargaon BO, Deepnagar BO",N/A,http://www.hotelsatyaminn.co.in/,4.8,,"oppsite site, digamber jain dharamshala, Main Market Rd, Bangali Para, Rajgir, Bihar 803116",Bangali Para,25.0259491,85.4199074,ChIJaegHZiTv8jkR3Mtc150mYzA,https://www.google.com/maps/place/?q=place_id:ChIJaegHZiTv8jkR3Mtc150mYzA,part_377,2026-09-20 20:45:32,53416
Bablu hotel,Pure Veg Restaurant,Family restaurant,Family restaurant,803113,Bihar Circle,"East Region, Bhagalpur",Nalanda Division,"Nursarai SO, Andhana BO, Barakhurd BO",N/A,N/A,3.4,,"NH 31, Bihar 803110",803113,25.3334691,85.5243698,ChIJ779HEUqJ8jkRypp6LX35rMQ,https://www.google.com/maps/place/?q=place_id:ChIJ779HEUqJ8jkRypp6LX35rMQ,part_377,2026-09-20 20:46:07,54363
Maa Tara Marriage Hall And Family Restaurant,Pure Veg Restaurant,Restaurant,"Restaurant, Marriage celebrant",803114,Bihar Circle,"East Region, Bhagalpur",Nalanda Division,"Parwalpur SO, Ajanaura BO, Alawan BO",N/A,N/A,4.0,,"Parwalpur NH33, Bihar 803114",803114,25.2088257,85.36113999999999,ChIJvzHoPunt8jkRTPM5tKTzNHU,https://www.google.com/maps/place/?q=place_id:ChIJvzHoPunt8jkRTPM5tKTzNHU,part_377,2026-09-20 20:46:41,54935
झील मारवाड़ी भोजनालय,Pure Veg Restaurant,Restaurant,Restaurant,803114,Bihar Circle,"East Region, Bhagalpur",Nalanda Division,"Parwalpur SO, Ajanaura BO, Alawan BO",+91 91624 12320,N/A,3.4,,"Jheel Marwari Basa, Dharamshala Rd, Dangi Tola, Rajgir, Bihar 803116",Dangi Tola,25.0260402,85.41962769999999,ChIJjagtpvXv8jkRhydbMOvKbo0,https://www.google.com/maps/place/?q=place_id:ChIJjagtpvXv8jkRhydbMOvKbo0,part_377,2026-09-20 20:46:42,54936
Hot and tasty,Pure Veg Restaurant,Restaurant,Restaurant,803115,Bihar Circle,"East Region, Bhagalpur",Nalanda Division,"Pawapuri SO, Chorsua BO, Durgapur BO",+91 91551 01994,N/A,3.8,19.0,"5F4V+675, Deep Nagar, Meghi Nongawan, Bihar 803111",803115,25.155514999999998,85.4932238,ChIJ7yl3Czzz8jkRCldqCbaDSdI,https://www.google.com/maps/place/?q=place_id:ChIJ7yl3Czzz8jkRCldqCbaDSdI,part_377,2026-09-20 20:47:17,55486
Sanskriti Pure Veg & Family Restaurant,Pure Veg Restaurant,Vegetarian restaurant,Vegetarian restaurant,803115,Bihar Circle,"East Region, Bhagalpur",Nalanda Division,"Pawapuri SO, Chorsua BO, Durgapur BO",N/A,N/A,4.3,,"2FJJ+364, Sonpeth, Maharashtra 431516",803115,19.0301886,76.4806481,ChIJT6vXPQD_zzsRgehO3tuYu1g,https://www.google.com/maps/place/?q=place_id:ChIJT6vXPQD_zzsRgehO3tuYu1g,part_377,2026-09-20 20:47:17,55487
Kaveri Restaurant,Pure Veg Restaurant,Family restaurant,Family restaurant,803115,Bihar Circle,"East Region, Bhagalpur",Nalanda Division,"Pawapuri SO, Chorsua BO, Durgapur BO",+91 91226 43600,N/A,3.7,55.0,"P9WJ+R2Q, Dharamshala Road, near Madhya Bihar Gramin Bank, Bihar 824101",803115,24.7470788,84.38009919999999,ChIJsX9p80v8jDkRFADWyTpHIWo,https://www.google.com/maps/place/?q=place_id:ChIJsX9p80v8jDkRFADWyTpHIWo,part_377,2026-09-20 20:47:18,55488
Harsha Kitchen,Pure Veg Restaurant,Non Vegetarian Restaurant,"Non Vegetarian Restaurant, Fast food restaurant",803115,Bihar Circle,"East Region, Bhagalpur",Nalanda Division,"Pawapuri SO, Chorsua BO, Durgapur BO",+91 70700 09719,N/A,4.0,962.0,"MG Rd, Aurangabad, Bihar 824101",803115,24.751024599999997,84.36918229999999,ChIJD9H2WZH9jDkRLnfu8ONEDqw,https://www.google.com/maps/place/?q=place_id:ChIJD9H2WZH9jDkRLnfu8ONEDqw,part_377,2026-09-20 20:47:18,55489
VIHARILAL Restaurant and Sweets,Pure Veg Restaurant,Family restaurant,Family restaurant,803115,Bihar Circle,"East Region, Bhagalpur",Nalanda Division,"Pawapuri SO, Chorsua BO, Durgapur BO",+91 85820 05848,N/A,3.8,268.0,"Q957+QVP, Old GT Rd, near BLOCK MORE, Aurangabad, Bihar 824101",803115,24.759455199999998,84.3647135,ChIJjTT2GGL9jDkRvCNs7lTx0sU,https://www.google.com/maps/place/?q=place_id:ChIJjTT2GGL9jDkRvCNs7lTx0sU,part_377,2026-09-20 20:47:18,55490
Swad hotel,Pure Veg Restaurant,Fast food restaurant,"Fast food restaurant, Indian restaurant",803115,Bihar Circle,"East Region, Bhagalpur",Nalanda Division,"Pawapuri SO, Chorsua BO, Durgapur BO",+91 84341 92181,N/A,3.9,845.0,"Q94C+588, Old GT Rd, opposite DM House, Aurangabad, Bihar 824101",803115,24.7554005,84.37082149999999,ChIJx4_Ok8v9jDkRhdrHFfOqOto,https://www.google.com/maps/place/?q=place_id:ChIJx4_Ok8v9jDkRhdrHFfOqOto,part_377,2026-09-20 20:47:18,55491
THE HAWELI || RESORT & RESTAURANT ||,Pure Veg Restaurant,Banquet hall,"Banquet hall, Hotel",803115,Bihar Circle,"East Region, Bhagalpur",Nalanda Division,"Pawapuri SO, Chorsua BO, Durgapur BO",+91 81028 91308,http://www.thehaweliresorts.in/,4.2,145.0,"road, Narbdeshwar Nagar, Rambilash nagar, Bharthauli, Bihar 824102","Narbdeshwar Nagar, Rambilash nagar",24.7624615,84.3470825,ChIJtxLRntr_jDkR2OdIgr-L0Ps,https://www.google.com/maps/place/?q=place_id:ChIJtxLRntr_jDkR2OdIgr-L0Ps,part_377,2026-09-20 20:47:18,55492
Sarmastpur Haat,Pure Veg Restaurant,Farmers' market,Farmers' market,803115,Bihar Circle,"East Region, Bhagalpur",Nalanda Division,"Pawapuri SO, Chorsua BO, Durgapur BO",N/A,N/A,4.0,92.0,"XH4G+29C, Sarmastpur, Bihar 843104",803115,25.9550663,85.5759004,ChIJaXOAGTx17TkRibqP9vtKivw,https://www.google.com/maps/place/?q=place_id:ChIJaXOAGTx17TkRibqP9vtKivw,part_377,2026-09-20 20:47:18,55493
Raj Darbar Hotel & Restaurant,Pure Veg Restaurant,Hotel,Hotel,803115,Bihar Circle,"East Region, Bhagalpur",Nalanda Division,"Pawapuri SO, Chorsua BO, Durgapur BO",N/A,N/A,4.0,57.0,"Maulabagh, Daudnagar, Bihar 824143",Maulabagh,25.034706999999997,84.4079825,ChIJueaqurQPjTkRAskE3rEd70E,https://www.google.com/maps/place/?q=place_id:ChIJueaqurQPjTkRAskE3rEd70E,part_377,2026-09-20 20:47:18,55494
Mahadev Steels,Pure Veg Restaurant,Manufacturer,"Manufacturer, Kitchen supply store, Steel fabricator",803115,Bihar Circle,"East Region, Bhagalpur",Nalanda Division,"Pawapuri SO, Chorsua BO, Durgapur BO",+91 99370 53363,https://www.mahadevsteels.in/,4.9,1230.0,"plot no B 5, Rasulgarh Industrial Estate, Industrial Area Estate, Rasulgarh, Bhubaneswar, Odisha 751010","Rasulgarh Industrial Estate, Industrial Area Estate, Rasulgarh",20.2923476,85.8545041,ChIJ4ecZZhanGToRZgLdqzX3f-c,https://www.google.com/maps/place/?q=place_id:ChIJ4ecZZhanGToRZgLdqzX3f-c,part_377,2026-09-20 20:47:18,55495
Mandi indore,Pure Veg Restaurant,Store,Store,803115,Bihar Circle,"East Region, Bhagalpur",Nalanda Division,"Pawapuri SO, Chorsua BO, Durgapur BO",N/A,N/A,4.2,153.0,"263, Sabji Mandi, Choithram Mandi, Indore, Madhya Pradesh 452014",Choithram Mandi,22.6845175,75.8497708,ChIJZwsdbMD9YjkRLt54YCSug4k,https://www.google.com/maps/place/?q=place_id:ChIJZwsdbMD9YjkRLt54YCSug4k,part_377,2026-09-20 20:47:18,55496
Everyday Mart,Pure Veg Restaurant,Grocery store,"Grocery store, Convenience store",803115,Bihar Circle,"East Region, Bhagalpur",Nalanda Division,"Pawapuri SO, Chorsua BO, Durgapur BO",N/A,N/A,4.3,77.0,"Devi mandir road, Mahammadpur Kazi, Mithanpura, Muzaffarpur, Bihar 842002","Mahammadpur Kazi, Mithanpura",26.1166225,85.3932652,ChIJYUmnnXoR7TkRRGJt_fhFze4,https://www.google.com/maps/place/?q=place_id:ChIJYUmnnXoR7TkRRGJt_fhFze4,part_377,2026-09-20 20:47:18,55497
Devi Ahilya Bai Holkar Fal And Sabzi Mandi,Pure Veg Restaurant,Vegetable wholesale market,"Vegetable wholesale market, Market",803115,Bihar Circle,"East Region, Bhagalpur",Nalanda Division,"Pawapuri SO, Chorsua BO, Durgapur BO",N/A,N/A,4.1,3320.0,"Devi Ahilya Sabji Mandi, Western Ring Rd, Krishi Mandi, Indore, Madhya Pradesh 452014",Krishi Mandi,22.6822561,75.8520388,ChIJqeAewVj8YjkR8p7auHS426k,https://www.google.com/maps/place/?q=place_id:ChIJqeAewVj8YjkR8p7auHS426k,part_377,2026-09-20 20:47:18,55498
