business_name,search_category,primary_category,all_categories,pincode,circle,region,division,major_offices,phone_number,website,rating,reviews_count,address,area,latitude,longitude,place_id,place_url,part_id,crawled_at,s_no
New Government Junior College and Degree College,Junior College and Degree College,Junior college,"Junior college, Government college",796181,North Eastern Circle,North Eastern Region,Mizoram Division,"Serchhip S.O, Bungtlang 'N' B.O, Chekawn B.O",N/A,N/A,4.2,,"Oppsite, Anusha Granites, Vivek Nagar, Kukatpally, Hyderabad, Telangana 500072","Vivek Nagar, Kukatpally",17.4810801,78.41537,ChIJxfEBIaWRyzsRVo-RliSGy5Y,https://www.google.com/maps/place/?q=place_id:ChIJxfEBIaWRyzsRVo-RliSGy5Y,part_372,2026-09-20 20:19:30,4332
MRMR Government Junior College For Girls,Junior College and Degree College,College,"College, Association / Organization",796181,North Eastern Circle,North Eastern Region,Mizoram Division,"Serchhip S.O, Bungtlang 'N' B.O, Chekawn B.O",+91 40 2780 5756,N/A,4.1,,"GOVT JR COLLEGE(G, 7, W Marredpally Main Rd, Gandhi Nagar, Nehru Nagar Colony, West Marredpally, Secunderabad, Telangana 500026","Gandhi Nagar, Nehru Nagar Colony, West Marredpally",17.4451659,78.500804,ChIJGTW3NDyayzsR0IL-Y3_rYDg,https://www.google.com/maps/place/?q=place_id:ChIJGTW3NDyayzsR0IL-Y3_rYDg,part_372,2026-09-20 20:19:30,4333
PGR JUNIOR COLLEGE,Junior College and Degree College,College,College,796181,North Eastern Circle,North Eastern Region,Mizoram Division,"Serchhip S.O, Bungtlang 'N' B.O, Chekawn B.O",+91 91000 97077,https://pgrjuniorcollege.com/,4.7,,"6-2/271/A, opp. BJP Office Road, M J Colony, Vivek Nagar, Kukatpally, Hyderabad, Telangana 500072","M J Colony, Vivek Nagar, Kukatpally",17.4825038,78.4135866,ChIJoY3EkbeRyzsRYqagE9ivxF8,https://www.google.com/maps/place/?q=place_id:ChIJoY3EkbeRyzsRYqagE9ivxF8,part_372,2026-09-20 20:19:31,4334
Government Junior College For Boys,Junior College and Degree College,College,College,796181,North Eastern Circle,North Eastern Region,Mizoram Division,"Serchhip S.O, Bungtlang 'N' B.O, Chekawn B.O",N/A,N/A,4.1,,"9FV7+87C, 11-2-1107, Dargah Rd, Nampally Market, Bazar Ghat, Nampally, Hyderabad, Telangana 500001","Nampally Market, Bazar Ghat, Nampally",17.393221999999998,78.46329229999999,ChIJYzSLjW-XyzsRIu7bWX-J_W8,https://www.google.com/maps/place/?q=place_id:ChIJYzSLjW-XyzsRIu7bWX-J_W8,part_372,2026-09-20 20:19:31,4335
"Gauthami Junior, Degree & PG College",Junior College and Degree College,College,College,796181,North Eastern Circle,North Eastern Region,Mizoram Division,"Serchhip S.O, Bungtlang 'N' B.O, Chekawn B.O",+91 40 2308 1515,https://www.gauthami.in/,3.9,,"Telangana Enclave, near HP Gas, Chinthal, Hyderabad, Telangana 500037","Chandra Nagar, Chinthal, Balanagar",17.489602599999998,78.4499232,ChIJi7D2K0KQyzsRG3gsmYY48FE,https://www.google.com/maps/place/?q=place_id:ChIJi7D2K0KQyzsRG3gsmYY48FE,part_372,2026-09-20 20:19:31,4336
PAGE Junior College Kompally (Residential),Junior College and Degree College,Educational institution,Educational institution,796181,North Eastern Circle,North Eastern Region,Mizoram Division,"Serchhip S.O, Bungtlang 'N' B.O, Chekawn B.O",+91 92465 72077,https://pageacademy.com/?utm_source=Google&utm_medium=KMaps,4.6,,"Sai Ashiyana Complex, near Sree Conventions, Kompally, Hyderabad, Telangana 500100","Devender Colony, Kompally",17.541397399999997,78.48965969999999,ChIJ2SiepUOFyzsRWqlp9tlEDN8,https://www.google.com/maps/place/?q=place_id:ChIJ2SiepUOFyzsRWqlp9tlEDN8,part_372,2026-09-20 20:19:31,4337
Sri Ram Junior And Degree College,Junior College and Degree College,College,College,796181,North Eastern Circle,North Eastern Region,Mizoram Division,"Serchhip S.O, Bungtlang 'N' B.O, Chekawn B.O",+91 90001 04086,N/A,4.2,,"44, Telephone Colony Main Rd, Gayatri Vihar, Margadarshi Colony, Kothapet, Hyderabad, Telangana 500102","Gayatri Vihar, Margadarshi Colony, Kothapet",17.3698563,78.5476651,ChIJkTuLmMOYyzsRwJcGcCpTV2g,https://www.google.com/maps/place/?q=place_id:ChIJkTuLmMOYyzsRwJcGcCpTV2g,part_372,2026-09-20 20:19:31,4338
Sri Saraswathi Junior College,Junior College and Degree College,Junior college,"Junior college, After school program, Educational institution",796181,North Eastern Circle,North Eastern Region,Mizoram Division,"Serchhip S.O, Bungtlang 'N' B.O, Chekawn B.O",+91 91334 44771,https://ssaraswathi.com/?utm_source=gmb&utm_medium=hp,4.9,,"Sri Saraswathi Junior College, 8-2-609/M, Rd Number 11, near Minerva Grand Hotel, opposite Dawood Jung Valley, Gaffar Khan Colony, Banjara Hills, Hyderabad, Telangana 500034","Gaffar Khan Colony, Banjara Hills",17.4138257,78.4427396,ChIJRRX7WguXyzsRZefWxSZVur0,https://www.google.com/maps/place/?q=place_id:ChIJRRX7WguXyzsRZefWxSZVur0,part_372,2026-09-20 20:19:31,4339
Kites Junior College,Junior College and Degree College,College,College,796181,North Eastern Circle,North Eastern Region,Mizoram Division,"Serchhip S.O, Bungtlang 'N' B.O, Chekawn B.O",+91 79933 68123,N/A,4.0,,"H.No, Signature Square, 1-10-316, above Ratnadeep Super Market, near Ashok Gardens, Center Point, Ganesh Nagar Colony, Bowenpally, Secunderabad, Telangana 500011","Center Point, Ganesh Nagar Colony, Bowenpally",17.468887,78.48111829999999,ChIJ70gjBHyayzsRgt4pQvph1qA,https://www.google.com/maps/place/?q=place_id:ChIJ70gjBHyayzsRgt4pQvph1qA,part_372,2026-09-20 20:19:31,4340
New Government Junior College (For Girls),Junior College and Degree College,Junior college,Junior college,796181,North Eastern Circle,North Eastern Region,Mizoram Division,"Serchhip S.O, Bungtlang 'N' B.O, Chekawn B.O",N/A,N/A,4.0,,"9G85+J65, Akbar Nagar, Malakpet, Hyderabad, Telangana 500036","Akbar Nagar, Malakpet",17.3665174,78.5080966,ChIJWVWO6kSYyzsRuxeOTnTUBDE,https://www.google.com/maps/place/?q=place_id:ChIJWVWO6kSYyzsRuxeOTnTUBDE,part_372,2026-09-20 20:19:31,4341
Pragathi junior college girls,Junior College and Degree College,College,College,796181,North Eastern Circle,North Eastern Region,Mizoram Division,"Serchhip S.O, Bungtlang 'N' B.O, Chekawn B.O",N/A,N/A,4.5,,"FCR5+G83, Vivekananda Nagar, Kukatpally, Hyderabad, Telangana 500072","Vivekananda Nagar, Kukatpally",17.4912729,78.4082907,ChIJnSeOHOSRyzsR52XIzcBxy8g,https://www.google.com/maps/place/?q=place_id:ChIJnSeOHOSRyzsR52XIzcBxy8g,part_372,2026-09-20 20:19:31,4342
Gauthami Junior & Degree College,Junior College and Degree College,College,College,796181,North Eastern Circle,North Eastern Region,Mizoram Division,"Serchhip S.O, Bungtlang 'N' B.O, Chekawn B.O",+91 91821 57802,https://www.gauthami.in/,3.8,,"H.No. 5-1-44, Behind, BJP Office Rd, Kukatpally, Hyderabad, Telangana 500072","Shanthi Nagar, Kukatpally",17.483274899999998,78.4147582,ChIJVx-6SNyRyzsRnuAvzxZC9ks,https://www.google.com/maps/place/?q=place_id:ChIJVx-6SNyRyzsRnuAvzxZC9ks,part_372,2026-09-20 20:19:31,4343
St.Joseph's Junior College (AC Campus),Junior College and Degree College,Junior college,Junior college,796181,North Eastern Circle,North Eastern Region,Mizoram Division,"Serchhip S.O, Bungtlang 'N' B.O, Chekawn B.O",+91 40 2761 3211,https://st-josephs.in/,4.3,,"Himayat Nagar Rd, Venkata swamy Nagar, Narayanguda, Hyderabad, Telangana 500029","Venkata swamy Nagar, Narayanguda",17.4018901,78.4882499,ChIJlU_qDMOZyzsRQ8h_adWMZsw,https://www.google.com/maps/place/?q=place_id:ChIJlU_qDMOZyzsRQ8h_adWMZsw,part_372,2026-09-20 20:19:31,4344
Government Junior college,Junior College and Degree College,College,"College, University",796181,North Eastern Circle,North Eastern Region,Mizoram Division,"Serchhip S.O, Bungtlang 'N' B.O, Chekawn B.O",N/A,N/A,4.1,,"1-8-99, Rajendra Nagar Rd, Hanuman Nagar, Rajendranagar mandal, Hyderabad, Telangana 500030","Hanuman Nagar, Rajendranagar mandal",17.322219,78.4013738,ChIJm0IVY_G9yzsRjcFXG7LzDhE,https://www.google.com/maps/place/?q=place_id:ChIJm0IVY_G9yzsRjcFXG7LzDhE,part_372,2026-09-20 20:19:31,4345
Sri Medhavi Junior College,Junior College and Degree College,Junior college,"Junior college, College, Education center, Educational institution, Learning center, Student career counseling office, Studying center, Teachers college, Technical school, Tutoring service",796181,North Eastern Circle,North Eastern Region,Mizoram Division,"Serchhip S.O, Bungtlang 'N' B.O, Chekawn B.O",+91 90102 22223,http://srimedhavicollege.in/,4.4,,"R ARCADE, A.N, Vinay Nagar Main Rd, beside HDFC BANK, SANTOSH NAGAR, Saidabad, Hyderabad, Telangana 500059","SANTOSH NAGAR, Saidabad",17.3512281,78.5070923,ChIJ_cqDD2-YyzsRnsY4uT_pTlo,https://www.google.com/maps/place/?q=place_id:ChIJ_cqDD2-YyzsRnsY4uT_pTlo,part_372,2026-09-20 20:19:31,4346
Pragathi Junior College,Junior College and Degree College,College,College,796181,North Eastern Circle,North Eastern Region,Mizoram Division,"Serchhip S.O, Bungtlang 'N' B.O, Chekawn B.O",+91 99496 24412,http://www.pragathicolleges.com/,3.6,,"5-2-4/2/1, Bagh Ameer, Sumitra Nagar Colony, Kukatpally, Hyderabad, Telangana 500072","Bagh Ameer, Sumitra Nagar Colony, Kukatpally",17.485411499999998,78.41250699999999,ChIJy3ZOeLyRyzsR9DK4x14mNk4,https://www.google.com/maps/place/?q=place_id:ChIJy3ZOeLyRyzsR9DK4x14mNk4,part_372,2026-09-20 20:19:31,4347
New Era Junior College,Junior College and Degree College,Junior college,Junior college,796181,North Eastern Circle,North Eastern Region,Mizoram Division,"Serchhip S.O, Bungtlang 'N' B.O, Chekawn B.O",+91 98495 63211,https://newerajrcollege.com/,4.5,,"1-8-448&449, Chikkadapally 10th St, near Venkateshwara Swamy temple, Chikkadpally, New Nallakunta, Hyderabad, Telangana 500020","Chikkadpally, New Nallakunta",17.4020158,78.4960469,ChIJQY2yo6qZyzsRF98Uc5NgTs4,https://www.google.com/maps/place/?q=place_id:ChIJQY2yo6qZyzsRF98Uc5NgTs4,part_372,2026-09-20 20:19:31,4348
Sri Chandra Junior & Degree College,Junior College and Degree College,College,"College, Charter school, Coaching Center, Education center, Educational institution, Junior college, Open university, University, Women's College",796181,North Eastern Circle,North Eastern Region,Mizoram Division,"Serchhip S.O, Bungtlang 'N' B.O, Chekawn B.O",+91 90300 16313,http://www.srichandracollege.com/,4.0,,"20-4-20/6/1, Khilwath Rd, beside SETWIN, Punch Mohalla, Charminar, Khilwat, Hyderabad, Telangana 500002","Punch Mohalla, Charminar, Khilwat",17.3600343,78.4723767,ChIJs0B7J0SXyzsR1h9qnbQKg3o,https://www.google.com/maps/place/?q=place_id:ChIJs0B7J0SXyzsR1h9qnbQKg3o,part_372,2026-09-20 20:19:31,4349
Sri Aadya Junior College,Junior College and Degree College,Junior college,"Junior college, Charter school",796181,North Eastern Circle,North Eastern Region,Mizoram Division,"Serchhip S.O, Bungtlang 'N' B.O, Chekawn B.O",+91 91009 99251,http://www.sriaadyajuniorcollege.com/,4.6,,"Bajaj Electronics, Plot No - 101, beside lane, Mathrusree Nagar, Hafeezpet, Miyapur, Hyderabad, Telangana 500049","Mathrusree Nagar, Hafeezpet",17.4950221,78.3652511,ChIJy1NKvYyTyzsReBpsFm_-oig,https://www.google.com/maps/place/?q=place_id:ChIJy1NKvYyTyzsReBpsFm_-oig,part_372,2026-09-20 20:19:31,4350
David Memorial Junior College,Junior College and Degree College,Junior college,Junior college,796181,North Eastern Circle,North Eastern Region,Mizoram Division,"Serchhip S.O, Bungtlang 'N' B.O, Chekawn B.O",+91 95020 06006,http://www.davidmemorial.in/,3.7,,"Number 12-13, 1275, Lane No. 3, Krishna Giri Enclave, Tarnaka, Hyderabad, Secunderabad, Telangana 500017","Krishna Giri Enclave, Tarnaka",17.4283421,78.5331132,ChIJnaJENGaZyzsRr8jBzXzZ48Y,https://www.google.com/maps/place/?q=place_id:ChIJnaJENGaZyzsRr8jBzXzZ48Y,part_372,2026-09-20 20:19:31,4351
Sri Medhavi Junior College,Junior College and Degree College,Junior college,Junior college,796181,North Eastern Circle,North Eastern Region,Mizoram Division,"Serchhip S.O, Bungtlang 'N' B.O, Chekawn B.O",+91 96402 22223,https://www.srimedhavi.com/,4.4,,"8-7-5/6, Sri Mukhi Complex, Nagarjuna Sagar Rd, Hasthinapuram Central, Hastinapuram, Hyderabad, Telangana 500079","Shirdi Sai Nagar, Hasthinapuram Central, Laxmi Narashima Puram Colony, Hastinapuram",17.3291589,78.5538369,ChIJ5WyIkA-iyzsR-6Lm8qY2GRQ,https://www.google.com/maps/place/?q=place_id:ChIJ5WyIkA-iyzsR-6Lm8qY2GRQ,part_372,2026-09-20 20:19:31,4352
Avinash College of Commerce (Degree) - KPHB,Junior College and Degree College,Educational institution,Educational institution,796184,North Eastern Circle,North Eastern Region,Mizoram Division,"N. Vanlaiphai S.O, Lungchhuan B.O, Lungkawlh B.O",+91 99492 22244,https://acc.edu.in/kukatpally-degree-branch/,4.5,3864.0,"53 & 54, ACC Towers, Plot No. 21, Usha Mullapudi Rd, behind South India Shopping Mall, Kukatpally Housing Board Colony, A.S.Raju Nagar, Vivekananda Nagar, Kukatpally, Hyderabad, Telangana 500072","Kukatpally Housing Board Colony, A.S.Raju Nagar, Vivekananda Nagar, Kukatpally",17.4936836,78.40468369999999,ChIJv7hHuZSRyzsRgyRSNhnq26w,https://www.google.com/maps/place/?q=place_id:ChIJv7hHuZSRyzsRgyRSNhnq26w,part_372,2026-09-20 20:20:13,12378
"Government Degree College, Kukatpally",Junior College and Degree College,College,College,796184,North Eastern Circle,North Eastern Region,Mizoram Division,"N. Vanlaiphai S.O, Lungchhuan B.O, Lungkawlh B.O",N/A,https://gdcts.cgg.gov.in/kukatpally.edu,4.1,356.0,"FCJ8+J67, Vivek Nagar, Kukatpally, Hyderabad, Telangana 500072","Vivek Nagar, Kukatpally",17.4815298,78.4155518,ChIJSf8GhpiRyzsR_yUB8t-DFmw,https://www.google.com/maps/place/?q=place_id:ChIJSf8GhpiRyzsR_yUB8t-DFmw,part_372,2026-09-20 20:20:13,12379
D R Junior College,Junior College and Degree College,Junior college,Junior college,796184,North Eastern Circle,North Eastern Region,Mizoram Division,"N. Vanlaiphai S.O, Lungchhuan B.O, Lungkawlh B.O",+91 89775 48029,https://dracademy.co.in/,4.8,,"Plot # 338, near North gate # 1, Mathrusree Nagar, Hafeezpet, Hyderabad, Telangana 500049","Mathrusree Nagar, Hafeezpet",17.495097299999998,78.37044759999999,ChIJEaxSIL6TyzsRK_D7zoFhUsQ,https://www.google.com/maps/place/?q=place_id:ChIJEaxSIL6TyzsRK_D7zoFhUsQ,part_372,2026-09-20 20:20:13,12380
Royal Junior College,Junior College and Degree College,Junior college,Junior college,796184,North Eastern Circle,North Eastern Region,Mizoram Division,"N. Vanlaiphai S.O, Lungchhuan B.O, Lungkawlh B.O",+91 40 2370 1130,http://www.royalcolleges.in/,4.1,,"No. 14/3RT, Opp Andhra Bank, Sanjeeva Reddy Nagar Road, Sanjeeva Reddy Nagar, Hyderabad, Telangana 500038","Sanjeeva Reddy Nagar Office Area, Sanjeeva Reddy Nagar",17.442288599999998,78.4423139,ChIJryAFo8SQyzsR-1rbDZJyoQQ,https://www.google.com/maps/place/?q=place_id:ChIJryAFo8SQyzsR-1rbDZJyoQQ,part_372,2026-09-20 20:20:13,12381
Pragathi Degree college,Junior College and Degree College,College,College,796184,North Eastern Circle,North Eastern Region,Mizoram Division,"N. Vanlaiphai S.O, Lungchhuan B.O, Lungkawlh B.O",+91 98494 84835,N/A,3.7,,"padmavati palaza, near Kalamandir Lane, Bhagya Nagar Colony, Kukatpally, Hyderabad, Telangana 500072","Bhagya Nagar Colony, Kukatpally",17.4963998,78.4014333,ChIJ59EHh-uRyzsR3QThZIn3fKo,https://www.google.com/maps/place/?q=place_id:ChIJ59EHh-uRyzsR3QThZIn3fKo,part_372,2026-09-20 20:20:13,12382
PAGE Junior College Kompally (Day center),Junior College and Degree College,Educational institution,Educational institution,796184,North Eastern Circle,North Eastern Region,Mizoram Division,"N. Vanlaiphai S.O, Lungchhuan B.O, Lungkawlh B.O",+91 92465 72078,https://www.pageacademy.com/,4.9,,"1st floor, Vaishnavi Lamani Arcade, Central park, above Ratnadeep Supermarket, Devender Colony, Kompally, Hyderabad, Telangana 500014","Devender Colony, Kompally",17.5416144,78.4887356,ChIJk9GQ0TGFyzsR3Guw1VZrc1g,https://www.google.com/maps/place/?q=place_id:ChIJk9GQ0TGFyzsR3Guw1VZrc1g,part_372,2026-09-20 20:20:13,12383
VIJETHA Junior and Degree College,Junior College and Degree College,College,College,796184,North Eastern Circle,North Eastern Region,Mizoram Division,"N. Vanlaiphai S.O, Lungchhuan B.O, Lungkawlh B.O",+91 77804 22339,https://vijethacollege.com/,4.7,,"Beside HP Petrol Bunk, Allwyn Colony, Pipeline Rd, Vivekananda Nagar, Kukatpally, Hyderabad, Telangana 500072","Vivekananda Nagar, Kukatpally",17.4992025,78.413682,ChIJ0WfnLQCRyzsRUGleBPsgrJM,https://www.google.com/maps/place/?q=place_id:ChIJ0WfnLQCRyzsRUGleBPsgrJM,part_372,2026-09-20 20:20:13,12384
CMS Commerce Junior College - JNTU,Junior College and Degree College,College,College,796184,North Eastern Circle,North Eastern Region,Mizoram Division,"N. Vanlaiphai S.O, Lungchhuan B.O, Lungkawlh B.O",+91 97011 00339,http://cmsforca.in/,4.2,,"Sy No 145 (Part, H No: 32/17,18, 23 & 24, Sardar Patel Nagar Rd, Hydernagar, Nizampet, Hyderabad, Telangana 500085","Kukatpally Housing Board Colony, Hydernagar, Nizampet",17.497927,78.3887621,ChIJgQ_opvaRyzsR7w5UXGLyOCQ,https://www.google.com/maps/place/?q=place_id:ChIJgQ_opvaRyzsR7w5UXGLyOCQ,part_372,2026-09-20 20:20:13,12385
SR JUNIOR COLLEGE,Junior College and Degree College,College,College,796186,North Eastern Circle,North Eastern Region,Mizoram Division,"Thenzawl S.O, Chhipphir B.O, Kanghmun 'S' B.O",+91 87126 04774,N/A,4.8,41.0,"No 42, Bhagya Nagar Colony, Venkat Nagar Colony, Hyderabad, Telangana 500072","Bhagya Nagar Colony, Venkat Nagar Colony",17.4967531,78.3984767,ChIJk70CHQuRyzsRAvgkNUxOEgM,https://www.google.com/maps/place/?q=place_id:ChIJk70CHQuRyzsRAvgkNUxOEgM,part_372,2026-09-20 20:20:55,17548
SR Junior College,Junior College and Degree College,College,College,796186,North Eastern Circle,North Eastern Region,Mizoram Division,"Thenzawl S.O, Chhipphir B.O, Kanghmun 'S' B.O",+91 95811 13860,N/A,4.4,54.0,"Shop No 1, Vivek Nagar, Kukatpally, Hyderabad, Telangana 500072","Vivek Nagar, Kukatpally",17.4816254,78.41322009999999,ChIJQUh4rqSRyzsR8MDk8CxWriM,https://www.google.com/maps/place/?q=place_id:ChIJQUh4rqSRyzsR8MDk8CxWriM,part_372,2026-09-20 20:20:55,17549
"Sri Aadarsh Junior College , Kukatpally",Junior College and Degree College,Junior college,Junior college,796186,North Eastern Circle,North Eastern Region,Mizoram Division,"Thenzawl S.O, Chhipphir B.O, Kanghmun 'S' B.O",+91 70756 59453,N/A,4.0,71.0,"5-1-48, Shanthi Nagar, Kukatpally, Hyderabad, Telangana 500072","Shanthi Nagar, Kukatpally",17.4837229,78.414637,ChIJYyRQ7OyRyzsRd5AFwcB92cc,https://www.google.com/maps/place/?q=place_id:ChIJYyRQ7OyRyzsRd5AFwcB92cc,part_372,2026-09-20 20:20:56,17550
VINJEE Junior College,Junior College and Degree College,College,College,796190,North Eastern Circle,North Eastern Region,Mizoram Division,"Aibawk S.O, Hmuifang B.O, Lamchhip B.O",+91 90002 61555,http://www.vinjeejrcollege.com/,4.6,,"@ 8, Plot No: 7, 575/2, Vivek Nagar, Hyderabad, Telangana 500072","Vivek Nagar, Kukatpally",17.4822754,78.4133667,ChIJ15g387ORyzsRq9DqR_FmuJM,https://www.google.com/maps/place/?q=place_id:ChIJ15g387ORyzsRq9DqR_FmuJM,part_372,2026-09-20 20:21:37,21138
Pragathi college For Women,Junior College and Degree College,College,"College, Junior college, Women's College",796190,North Eastern Circle,North Eastern Region,Mizoram Division,"Aibawk S.O, Hmuifang B.O, Lamchhip B.O",+91 40 2306 5702,http://www.pragathicolleges.com/,3.8,,"FCR5+G83, Plot No. 948, Vivekanandanagar Main Rd, Vivekananda Nagar, Kukatpally, Hyderabad, Telangana 500072","Vivekananda Nagar, Kukatpally",17.491277999999998,78.40827949999999,ChIJcegoxr-RyzsRH-gknH9p5Lk,https://www.google.com/maps/place/?q=place_id:ChIJcegoxr-RyzsRH-gknH9p5Lk,part_372,2026-09-20 20:21:37,21139
Prathibha Degree & PG College,Junior College and Degree College,College,"College, Educational institution",796190,North Eastern Circle,North Eastern Region,Mizoram Division,"Aibawk S.O, Hmuifang B.O, Lamchhip B.O",+91 93907 26237,https://prathibhacolleges.in/,4.0,,"Metro Pillar No. 814, PRATHIBHA DEGREE AND PG COLLEGE HNo.12-6-2/210, Road No. 4, opposite BJP Office Road, Vivek Nagar, Kukatpally, Hyderabad, Telangana 500072","Vivek Nagar, Kukatpally",17.482202,78.4128296,ChIJVcYqU5-RyzsRXC_VG4DvnFE,https://www.google.com/maps/place/?q=place_id:ChIJVcYqU5-RyzsRXC_VG4DvnFE,part_372,2026-09-20 20:21:37,21140
MNR JUNIOR COLLEGE,Junior College and Degree College,High school,High school,796190,North Eastern Circle,North Eastern Region,Mizoram Division,"Aibawk S.O, Hmuifang B.O, Lamchhip B.O",+91 96760 07862,N/A,,,"ACADEMY BLOCK, MNR DEGREE COLLEGE, Street No. 2, A.S.Raju Nagar, Vivekananda Nagar, Kukatpally, Hyderabad, Telangana 500072","A.S.Raju Nagar, Vivekananda Nagar, Kukatpally",17.4939279,78.40513059999999,ChIJbSKqOwCRyzsRm6mXdUZjDX4,https://www.google.com/maps/place/?q=place_id:ChIJbSKqOwCRyzsRm6mXdUZjDX4,part_372,2026-09-20 20:21:37,21141
MNR Degree College,Junior College and Degree College,College,College,796190,North Eastern Circle,North Eastern Region,Mizoram Division,"Aibawk S.O, Hmuifang B.O, Lamchhip B.O",+91 40 2389 9795,http://www.mnrindia.org/,3.3,,"House No 22, 256, Usha Mullapudi Rd, beside South India Shopping Mall, A.S.Raju Nagar, Vivekananda Nagar, Kukatpally, Hyderabad, Telangana 500072","A.S.Raju Nagar, Vivekananda Nagar, Kukatpally",17.4937869,78.4054817,ChIJnaeNyOqRyzsRn4A3VckHzyY,https://www.google.com/maps/place/?q=place_id:ChIJnaeNyOqRyzsRn4A3VckHzyY,part_372,2026-09-20 20:21:37,21142
Maharshi Degree College,Junior College and Degree College,Educational institution,"Educational institution, College, Community college, Textile Engineer",796230,North Eastern Circle,North Eastern Region,Mizoram Division,Sialsuk S.O,N/A,https://maharshicollege.in/,4.7,,"Hi-Tension Lane Road, Suchitra Rd, above Ratnadeep super market, Kompally, Hyderabad, Telangana 500014","Presidency Colony, Pedda Bashirabad, Caton Residential Township, Kompally",17.515142,78.4852978,ChIJo9JDw-SOyzsRR6P1wUK9YFM,https://www.google.com/maps/place/?q=place_id:ChIJo9JDw-SOyzsRR6P1wUK9YFM,part_372,2026-09-20 20:22:20,26342
Pragnya Degree & P.G Colleges (Co-Ed & Women's),Junior College and Degree College,College,"College, Educational institution",796230,North Eastern Circle,North Eastern Region,Mizoram Division,Sialsuk S.O,+91 63096 51717,https://www.pragnyacolleges.com/,4.1,,"Gandhi Statue Ln, Indira Nagar, Chanda Nagar, Hyderabad, Telangana 500050","Indira Nagar, Chanda Nagar",17.4945877,78.32232359999999,ChIJsekHV5GSyzsRkPJ07w0gMxM,https://www.google.com/maps/place/?q=place_id:ChIJsekHV5GSyzsRkPJ07w0gMxM,part_372,2026-09-20 20:22:20,26343
Siddhartha Degree And PG College,Junior College and Degree College,College,College,796230,North Eastern Circle,North Eastern Region,Mizoram Division,Sialsuk S.O,+91 94927 48205,http://www.siddhartha.ac.in/,3.8,,"Plot No. 5-1-97, inside Ramalayam Arch, beside Kukatpally Bus stop, Shanthi Nagar, Kukatpally, Hyderabad, Telangana 500072","Shanthi Nagar, Kukatpally",17.4844196,78.412756,ChIJFxK_gb6RyzsRt_QFHMMFh3w,https://www.google.com/maps/place/?q=place_id:ChIJFxK_gb6RyzsRt_QFHMMFh3w,part_372,2026-09-20 20:22:20,26344
Sri Aadarsh Junior College,Junior College and Degree College,College,"College, Junior college",796230,North Eastern Circle,North Eastern Region,Mizoram Division,Sialsuk S.O,+91 73965 78630,N/A,3.8,,"Plot No:124, Street Number 3, opposite to Union Bank lane, near Water tanker lane, Sanjeeva Reddy Nagar Office Area, Sanjeeva Reddy Nagar, Hyderabad, Telangana 500038","Sanjeeva Reddy Nagar Office Area, Sanjeeva Reddy Nagar",17.4419471,78.44309799999999,ChIJ6eqsbsSQyzsRgnIAlXy2FnQ,https://www.google.com/maps/place/?q=place_id:ChIJ6eqsbsSQyzsRgnIAlXy2FnQ,part_372,2026-09-20 20:22:21,26345
Vagdevi IIT JEE Academy,Junior College and Degree College,College,College,796230,North Eastern Circle,North Eastern Region,Mizoram Division,Sialsuk S.O,+91 88850 36244,N/A,4.5,14.0,"FCM6+Q2W, Balaji Nagar, Kukatpally, Hyderabad, Telangana 500072","Balaji Nagar, Kukatpally",17.4844801,78.41007239999999,ChIJ848-PwCRyzsR8ZlRXwX10qY,https://www.google.com/maps/place/?q=place_id:ChIJ848-PwCRyzsR8ZlRXwX10qY,part_372,2026-09-20 20:22:22,26346
Ignite Junior College - Kompally,Junior College and Degree College,Educational institution,Educational institution,796230,North Eastern Circle,North Eastern Region,Mizoram Division,Sialsuk S.O,+91 79979 92482,http://www.ignitejuniorcollege.com/,4.8,65.0,"Padmashali Seva Samajam Boys Hostel ,Kompally, opposite Opp:St.Martins Eng. College, Road, Dulapally, Hyderabad, Telangana 500100",Dulapally,17.5448392,78.4759449,ChIJmerSGMCFyzsRelGWKhMCSYs,https://www.google.com/maps/place/?q=place_id:ChIJmerSGMCFyzsRelGWKhMCSYs,part_372,2026-09-20 20:22:22,26347
AADHYA GROUP OF INSTITUTIONS,Junior College and Degree College,Education center,Education center,796230,North Eastern Circle,North Eastern Region,Mizoram Division,Sialsuk S.O,+91 85002 50200,N/A,4.6,173.0,"Sy No: 302 /3, Plot no 38, ECIL Cross Roads, opposite to Xenia Hospital, ECIL, Laxmi Garden, Cherlapalli, Secunderabad, Telangana 500062","ECIL, Laxmi Garden, Cherlapalli",17.472651499999998,78.5717318,ChIJpa10xX2byzsRK84r-Gjn8ks,https://www.google.com/maps/place/?q=place_id:ChIJpa10xX2byzsRK84r-Gjn8ks,part_372,2026-09-20 20:22:22,26348
NRI Junior College,Junior College and Degree College,Junior college,"Junior college, College",796230,North Eastern Circle,North Eastern Region,Mizoram Division,Sialsuk S.O,+91 40 6464 5606,N/A,3.7,47.0,"FCJ7+R98, Shanthi Nagar, Kukatpally, Hyderabad, Telangana 500072","Shanthi Nagar, Kukatpally",17.4820323,78.4134612,ChIJaSUQhLuRyzsR74PmyG7jQbg,https://www.google.com/maps/place/?q=place_id:ChIJaSUQhLuRyzsR74PmyG7jQbg,part_372,2026-09-20 20:22:22,26349
Turito Junior College ADIBATLA,Junior College and Degree College,Education center,Education center,796230,North Eastern Circle,North Eastern Region,Mizoram Division,Sialsuk S.O,+91 73375 31456,https://www.turito.com/campus,4.5,133.0,"BMR Town Ship, Hyderabad, Adibatla, Telangana 501510",796230,17.235162499999998,78.5442454,ChIJMeVhHEKlyzsROEGpenFeElQ,https://www.google.com/maps/place/?q=place_id:ChIJMeVhHEKlyzsROEGpenFeElQ,part_372,2026-09-20 20:22:22,26350
Raghava Laxmi Devi Government Junior College,Junior College and Degree College,Government college,"Government college, College",796230,North Eastern Circle,North Eastern Region,Mizoram Division,Sialsuk S.O,N/A,N/A,4.1,66.0,"CGW2+54P, W Marredpally Rd, Gandhi Nagar, Sarvasukhi Colony, West Marredpally, Secunderabad, Telangana 500026","Gandhi Nagar, Sarvasukhi Colony, West Marredpally",17.4454569,78.5003323,ChIJ190geJebyzsRJ4-drr3gcbs,https://www.google.com/maps/place/?q=place_id:ChIJ190geJebyzsRJ4-drr3gcbs,part_372,2026-09-20 20:22:22,26351
"Narayana Junior Colleges - Kukatpally, Hyderabad",Junior College and Degree College,Junior college,"Junior college, CBSE School, College, Education center, Educational institution",796261,North Eastern Circle,North Eastern Region,Mizoram Division,"Saitual S.O, Aiduzawl B.O, Buhban B.O",+91 1800 102 3344,https://branches.narayanajuniorcolleges.com/narayana-junior-college/centre-in-hyderabad/centre-in-Kukatpally/narayana-junior-college-in-Kukatpally-hyderabad--1oMqdi/home,4.8,,"House No 12, Jaya Complex, Balanagar Mandal, 6-2/219/1, Main Road, nearby Metro Piller, Vivek Nagar, Kukatpally, Hyderabad, Telangana 500072","Vivek Nagar, Kukatpally",17.4836374,78.41453709999999,ChIJl-KCgbuRyzsRuyt3W-6wYx8,https://www.google.com/maps/place/?q=place_id:ChIJl-KCgbuRyzsRuyt3W-6wYx8,part_372,2026-09-20 20:22:59,29110
Vijetha Junior and Degree College For Girls,Junior College and Degree College,College,College,796290,North Eastern Circle,North Eastern Region,Mizoram Division,"Ngopa S.O, Hrianghmun B.O, Kawlbem B.O",+91 89770 49755,https://www.vijethacollege.com/,3.0,8.0,"H. No 1-287/24&25, Beside substation, Balaji Nagar, Miyapur X Roads Miyapur, Serilingampalle (M), Hyderabad, Telangana 500049",Balaji Nagar,17.4971681,78.3602021,ChIJ9-JCdLPCTa4RaJXnt10pW4o,https://www.google.com/maps/place/?q=place_id:ChIJ9-JCdLPCTa4RaJXnt10pW4o,part_372,2026-09-20 20:23:39,31221
"Narayana Junior Colleges - Kukatpally, Hyderabad",Junior College and Degree College,Junior college,"Junior college, CBSE School, College, Education center, Educational institution",796321,North Eastern Circle,North Eastern Region,Mizoram Division,"Champhai S.O, Dilkawn B.O, Bethel B.O",+91 1800 102 3344,https://branches.narayanajuniorcolleges.com/narayana-junior-college/centre-in-hyderabad/centre-in-Kukatpally/narayana-junior-college-in-Kukatpally-hyderabad--W74wm7/home,4.0,200.0,"House No 12, Jaya Complex, Balanagar Mandal, 6-2/219/1, Main Road, nearby Metro Piller, Vivek Nagar, Kukatpally, Hyderabad, Telangana 500072","Vivek Nagar, Kukatpally",17.4829369,78.4132728,ChIJr9DPkLiRyzsRWG9eFdP-UWQ,https://www.google.com/maps/place/?q=place_id:ChIJr9DPkLiRyzsRWG9eFdP-UWQ,part_372,2026-09-20 20:25:27,36878
SR.Junior college,Junior College and Degree College,Junior college,Junior college,796410,North Eastern Circle,North Eastern Region,Mizoram Division,"Dapchhuah B.O, Lengpui B.O, Mualkhang B.O",+91 40 6463 2536,N/A,3.8,,"PLOT NO. 134, LAXMA TOWERS, NH 65, NIZAMPET X ROADS, beside TELUGU BAPTISM CHURCH, near CHILLIES, Kukatpally Housing Board Colony, Kukatpally, Hyderabad, Telangana 500085","Kukatpally Housing Board Colony, Kukatpally",17.497330599999998,78.3914297,ChIJp6aeme2RyzsRYJpyRBkdNYk,https://www.google.com/maps/place/?q=place_id:ChIJp6aeme2RyzsRYJpyRBkdNYk,part_372,2026-09-20 20:26:42,40104
MNR PG College,Junior College and Degree College,Educational institution,Educational institution,796410,North Eastern Circle,North Eastern Region,Mizoram Division,"Dapchhuah B.O, Lengpui B.O, Mualkhang B.O",+91 98499 81068,N/A,3.9,,"G93R+5WP, opp. JNTUH, Bhagya Nagar Phase 3, Sreenivasa Nagar, Kukatpally, Hyderabad, Telangana 500085","Bhagya Nagar Phase 3, Sreenivasa Nagar, Kukatpally",17.5029666,78.39232539999999,ChIJtT9qzRORyzsRwFfaxCgNDF0,https://www.google.com/maps/place/?q=place_id:ChIJtT9qzRORyzsRwFfaxCgNDF0,part_372,2026-09-20 20:26:42,40105
Sanghamitra Degree and PG College,Junior College and Degree College,Educational institution,"Educational institution, College",796471,North Eastern Circle,North Eastern Region,Mizoram Division,Zawlnuam S.O,+91 95539 55724,https://sanghamitradegreecollege.com/,3.2,173.0,"H.NO:5-1-45, behind BJP Office Road, Shanthi Nagar, Kukatpally, Hyderabad, Telangana 500072","Shanthi Nagar, Kukatpally",17.4833343,78.4146146,ChIJVahS_I6RyzsRQZqqzx3U4LM,https://www.google.com/maps/place/?q=place_id:ChIJVahS_I6RyzsRQZqqzx3U4LM,part_372,2026-09-20 20:29:48,46544
Pragathi jr college,Junior College and Degree College,Junior college,"Junior college, Education center",796471,North Eastern Circle,North Eastern Region,Mizoram Division,Zawlnuam S.O,+91 91607 37737,http://www.pragathiacademy.com/,3.4,74.0,"H.NO.7-42, opp. PANCHAVATI APPARTMENT, Pragathi Nagar, Nizampet, Hyderabad, Telangana 500090","Pragathi Nagar, Nizampet",17.5155018,78.3933078,ChIJjXmhWRuOyzsRE4LZk4knFY8,https://www.google.com/maps/place/?q=place_id:ChIJjXmhWRuOyzsRE4LZk4knFY8,part_372,2026-09-20 20:29:49,46545
Siddhartha Degree College for Women,Junior College and Degree College,Junior college,"Junior college, College, Women's College, Private educational institution",796691,North Eastern Circle,North Eastern Region,Mizoram Division,"Zotlang S.O, Haulawng B.O, Hnahchang B.O",+91 40 2406 4179,https://sdcw.co.in/,4.4,,"Vikram Plaza, beside Kamala hospital, Dilsukhnagar, Hyderabad, Telangana 500060","Gaddiannaram, Dilsukhnagar",17.368299699999998,78.52192409999999,ChIJidBTp-uZyzsRAPu4TK8Gkcc,https://www.google.com/maps/place/?q=place_id:ChIJidBTp-uZyzsRAPu4TK8Gkcc,part_372,2026-09-20 20:32:46,53101
Junior College,Junior College and Degree College,College,College,796701,North Eastern Circle,North Eastern Region,Mizoram Division,"Lunglei S.O, Bualte B.O, Buarpui B.O",N/A,N/A,4.4,7.0,"Tripuranthakam, Andhra Pradesh 523326",796701,16.0030422,79.4567483,ChIJZz4pL_CzSjoRdFifQD9EmC8,https://www.google.com/maps/place/?q=place_id:ChIJZz4pL_CzSjoRdFifQD9EmC8,part_372,2026-09-20 20:33:20,53825
Government J. Buana College,Junior College and Degree College,Government college,Government college,796770,North Eastern Circle,North Eastern Region,Mizoram Division,"Chawngte S.O, Ajasora B.O, Borapansury B.O",+91 87941 24466,N/A,4.5,,"VPVX+QC4, Bazar veng, Lunglei, Mizoram 796701",Bazar veng,22.8943807,92.7485784,ChIJMdFkV8VATTcRvd4REvbnMxA,https://www.google.com/maps/place/?q=place_id:ChIJMdFkV8VATTcRvd4REvbnMxA,part_372,2026-09-20 20:35:04,57261
Government Johnson College,Junior College and Degree College,Government college,Government college,796770,North Eastern Circle,North Eastern Region,Mizoram Division,"Chawngte S.O, Ajasora B.O, Borapansury B.O",+91 389 233 4757,https://gjc.ac.in/,4.3,97.0,"PPC6+477, Shivaji Tillah, Khatla, Aizawl, Mizoram 796001",Khatla,23.720286599999998,92.7106601,ChIJu3KbibyUTTcRzVfsNRPyP-k,https://www.google.com/maps/place/?q=place_id:ChIJu3KbibyUTTcRzVfsNRPyP-k,part_372,2026-09-20 20:35:05,57262
Government Aizawl College,Junior College and Degree College,Government college,"Government college, College, School",796770,North Eastern Circle,North Eastern Region,Mizoram Division,"Chawngte S.O, Ajasora B.O, Borapansury B.O",+91 1589 276 773,https://gac.ac.in/,4.3,147.0,"PP89+WFW, MG Rd, Sikulpuikawn, Aizawl, Mizoram 796001",Sikulpuikawn,23.7173581,92.7187007,ChIJBVWpdsCUTTcRvCoieBLFef8,https://www.google.com/maps/place/?q=place_id:ChIJBVWpdsCUTTcRvCoieBLFef8,part_372,2026-09-20 20:35:05,57263
Govt. J. Thankima College,Junior College and Degree College,College,"College, University, Academic department",796770,North Eastern Circle,North Eastern Region,Mizoram Division,"Chawngte S.O, Ajasora B.O, Borapansury B.O",+91 389 234 2947,https://jtc.edu.in/,4.7,49.0,"Chaltlang-Bawngkawn Rd, Bawngkawn, Aizawl, Mizoram 796014",Bawngkawn,23.7596068,92.7291463,ChIJ0-FSJCPrTTcRWL0S7ag4r0s,https://www.google.com/maps/place/?q=place_id:ChIJ0-FSJCPrTTcRWL0S7ag4r0s,part_372,2026-09-20 20:35:05,57264
Government Kolasib College,Junior College and Degree College,Government college,Government college,796770,North Eastern Circle,North Eastern Region,Mizoram Division,"Chawngte S.O, Ajasora B.O, Borapansury B.O",+91 3837 220 027,http://govtkolasibcollege.mizoram.gov.in/,4.2,68.0,"6MFG+F8M, Venglai, Kolasib, Mizoram 796081",Venglai,24.2237103,92.6758117,ChIJoz_3CMkOTjcRCyasSXTKoTc,https://www.google.com/maps/place/?q=place_id:ChIJoz_3CMkOTjcRCyasSXTKoTc,part_372,2026-09-20 20:35:05,57265
Government Saitual College,Junior College and Degree College,Government college,"Government college, College",796770,North Eastern Circle,North Eastern Region,Mizoram Division,"Chawngte S.O, Ajasora B.O, Borapansury B.O",+91 99827 34657,http://govtsaitualcollege.edu.in/,4.5,37.0,"MXX7+5XM, Saitual, Mizoram 796261",796770,23.6979665,92.96493559999999,ChIJq6qqaqe3TTcRnQAdONO8v6Q,https://www.google.com/maps/place/?q=place_id:ChIJq6qqaqe3TTcRnQAdONO8v6Q,part_372,2026-09-20 20:35:05,57266
Govt Zirtiri Residential Science College,Junior College and Degree College,Government college,Government college,796770,North Eastern Circle,North Eastern Region,Mizoram Division,"Chawngte S.O, Ajasora B.O, Borapansury B.O",+91 94361 56330,http://www.gzrsc.edu.in/,4.7,9.0,"QP9Q+WFF, Durtlang Leitan, Aizawl, Mizoram 796015",Durtlang Leitan,23.769807399999998,92.7386808,ChIJAxZLBeLqTTcRzWjvY7KcdP8,https://www.google.com/maps/place/?q=place_id:ChIJAxZLBeLqTTcRzWjvY7KcdP8,part_372,2026-09-20 20:35:05,57267
"Mizoram Christian College Campus, Tanhril",Junior College and Degree College,Christian college,Christian college,796770,North Eastern Circle,North Eastern Region,Mizoram Division,"Chawngte S.O, Ajasora B.O, Borapansury B.O",N/A,https://www.mizoramchristiancollege.org/page/2,5.0,2.0,"PMQJ+PCH, MZU Rd, Tanhril Road, Tuivamit, Mizoram 796009",Tuivamit,23.7395219,92.6812877,ChIJD9rovg2TTTcR0EtnZ6xxGBU,https://www.google.com/maps/place/?q=place_id:ChIJD9rovg2TTTcR0EtnZ6xxGBU,part_372,2026-09-20 20:35:05,57268
Govt. T.Romana College New Campus,Junior College and Degree College,College,College,796770,North Eastern Circle,North Eastern Region,Mizoram Division,"Chawngte S.O, Ajasora B.O, Borapansury B.O",+91 389 232 2342,http://www.trcollege.edu.in/,4.5,,"PP9G+J22, Republic Field Rd, Republic Vengthlang, Aizawl, Mizoram 796001",Republic Vengthlang,23.719003999999998,92.7250031,ChIJB_5yrsOUTTcRg1bM_xnDzJs,https://www.google.com/maps/place/?q=place_id:ChIJB_5yrsOUTTcRg1bM_xnDzJs,part_372,2026-09-20 20:35:05,57269
Government Aizawl North College,Junior College and Degree College,Government college,Government college,796770,North Eastern Circle,North Eastern Region,Mizoram Division,"Chawngte S.O, Ajasora B.O, Borapansury B.O",N/A,N/A,4.3,,"Ramhlun N Rd, Chaltlang, Aizawl, Mizoram 796012",Chaltlang,23.7487422,92.7240743,ChIJ1Q0r6zDrTTcR1mZUyZnqlwo,https://www.google.com/maps/place/?q=place_id:ChIJ1Q0r6zDrTTcR1mZUyZnqlwo,part_372,2026-09-20 20:35:05,57270
Gowthami Degree college,Junior College and Degree College,Junior college,"Junior college, Educational institution",796770,North Eastern Circle,North Eastern Region,Mizoram Division,"Chawngte S.O, Ajasora B.O, Borapansury B.O",+91 99129 89924,https://www.gowthamicollege.edu.in/,4.2,,"23-49, Rallaguda Rd, Bus Stand Colony, RB Nagar, R B Nagar, Shamshabad, shamshabad, Hyderabad, Telangana 501218","Bus Stand Colony, RB Nagar, R B Nagar, Shamshabad",17.2637502,78.38566709999999,ChIJg34eFiG8yzsRdvn3FFuhR5U,https://www.google.com/maps/place/?q=place_id:ChIJg34eFiG8yzsRdvn3FFuhR5U,part_372,2026-09-20 20:35:05,57271
Government Zirtiri Residential Science College,Junior College and Degree College,Government college,Government college,796770,North Eastern Circle,North Eastern Region,Mizoram Division,"Chawngte S.O, Ajasora B.O, Borapansury B.O",+91 389 230 5848,http://gzrsc.edu.in/,4.4,,"PPQC+WW3, Aizawl Venglai, Ramthar Veng, Aizawl, Mizoram 796007","Aizawl Venglai, Ramthar Veng",23.739773,92.7222827,ChIJswWitDTrTTcR_0WsFRZkFw0,https://www.google.com/maps/place/?q=place_id:ChIJswWitDTrTTcR_0WsFRZkFw0,part_372,2026-09-20 20:35:05,57272
OSM Junior College,Junior College and Degree College,College,College,796770,North Eastern Circle,North Eastern Region,Mizoram Division,"Chawngte S.O, Ajasora B.O, Borapansury B.O",+91 93902 22211,N/A,3.8,,"22-5-46, opp. Azam Fuction Hall, Charminar, Moghalpura, Hyderabad, Telangana 500002","Charminar, Moghalpura",17.355843,78.47612,ChIJaTACwx-YyzsRLhv1VhP6AaU,https://www.google.com/maps/place/?q=place_id:ChIJaTACwx-YyzsRLhv1VhP6AaU,part_372,2026-09-20 20:35:05,57273
Junior College,Junior College and Degree College,College,"College, University",796770,North Eastern Circle,North Eastern Region,Mizoram Division,"Chawngte S.O, Ajasora B.O, Borapansury B.O",N/A,N/A,5.0,,"22FH+PV8, Sonari, Assam 785690",796770,27.024299499999998,95.0297181,ChIJhyZGuLpVRzcRs48z-6SLFwY,https://www.google.com/maps/place/?q=place_id:ChIJhyZGuLpVRzcRs48z-6SLFwY,part_372,2026-09-20 20:35:05,57274
Government Lawngtlai College,Junior College and Degree College,University,University,796772,North Eastern Circle,North Eastern Region,Mizoram Division,Kamalanagar S.O (Lawngtlai),N/A,N/A,4.3,33.0,"college veng, Lawngtlai, Mizoram 796891",796772,22.5224381,92.8904235,ChIJm4QYKjbMsjARr_iP8dPae6U,https://www.google.com/maps/place/?q=place_id:ChIJm4QYKjbMsjARr_iP8dPae6U,part_372,2026-09-20 20:35:37,58466
Government Kamalanagar College,Junior College and Degree College,College,College,796772,North Eastern Circle,North Eastern Region,Mizoram Division,Kamalanagar S.O (Lawngtlai),N/A,http://www.gknc.in/,4.1,31.0,"JJFH+4GJ, Kamalanagar, Mizoram 796770",796772,22.6228421,92.6287656,ChIJn_cK_WdNTTcRIIaEtS3oPCs,https://www.google.com/maps/place/?q=place_id:ChIJn_cK_WdNTTcRIIaEtS3oPCs,part_372,2026-09-20 20:35:37,58467
Pachhunga University College,Junior College and Degree College,College,College,796772,North Eastern Circle,North Eastern Region,Mizoram Division,Kamalanagar S.O (Lawngtlai),+91 389 232 7095,http://pucollege.edu.in/,4.5,432.0,"PPFG+8VC, College Veng, Aizawl, Mizoram 796001",College Veng,23.7233146,92.7271327,ChIJgxIJyduUTTcRU72u-9uoxd8,https://www.google.com/maps/place/?q=place_id:ChIJgxIJyduUTTcRU72u-9uoxd8,part_372,2026-09-20 20:35:37,58468
St. Francis Junior College for Women,Junior College and Degree College,Junior college,Junior college,796772,North Eastern Circle,North Eastern Region,Mizoram Division,Kamalanagar S.O (Lawngtlai),N/A,http://www.sfjc.ac.in/,4.3,263.0,"junior college for girls, St Francis Rd, Regimental Bazaar, Shivaji Nagar, Secunderabad, Telangana 500003","Regimental Bazaar, Shivaji Nagar",17.4384037,78.5016828,ChIJj02GECOayzsRIalb2C-hxxw,https://www.google.com/maps/place/?q=place_id:ChIJj02GECOayzsRIalb2C-hxxw,part_372,2026-09-20 20:35:37,58469
Lunglei Government College,Junior College and Degree College,College,College,796772,North Eastern Circle,North Eastern Region,Mizoram Division,Kamalanagar S.O (Lawngtlai),N/A,N/A,4.5,,"VPVW+R64, Lunglei, Mizoram 796701",796772,22.8945084,92.7455889,ChIJGXmR5a5BTTcRuhjhm-GtAwo,https://www.google.com/maps/place/?q=place_id:ChIJGXmR5a5BTTcRuhjhm-GtAwo,part_372,2026-09-20 20:35:38,58470
Aizawl West College (New Campus),Junior College and Degree College,College,College,796772,North Eastern Circle,North Eastern Region,Mizoram Division,Kamalanagar S.O (Lawngtlai),N/A,N/A,4.8,,"PMQR+4C7, Mining road, Luangmual, Aizawl, Mizoram 796009",796772,23.737782499999998,92.6910439,ChIJyQLKX8qTTTcRHW-AuMBe3uY,https://www.google.com/maps/place/?q=place_id:ChIJyQLKX8qTTTcRHW-AuMBe3uY,part_372,2026-09-20 20:35:38,58471
"ICFAI University, Mizoram",Junior College and Degree College,Private university,Private university,796772,North Eastern Circle,North Eastern Region,Mizoram Division,Kamalanagar S.O (Lawngtlai),+91 98568 91948,http://www.iumizoram.edu.in/,4.4,,"RP2H+754, Durtlang North, Aizawl, Mizoram 796015",Durtlang North,23.800632999999998,92.72794429999999,ChIJFXgdnLrrTTcRntl80HeygWU,https://www.google.com/maps/place/?q=place_id:ChIJFXgdnLrrTTcRntl80HeygWU,part_372,2026-09-20 20:35:38,58472
College Veng,Junior College and Degree College,Housing society,Housing society,796772,North Eastern Circle,North Eastern Region,Mizoram Division,Kamalanagar S.O (Lawngtlai),N/A,N/A,5.0,2.0,"PPFF+FMV, Venghlui, Aizawl, Mizoram 796001",Venghlui,23.7237412,92.72417519999999,ChIJ1QZ3zzmVTTcRQaLcj57uJ6g,https://www.google.com/maps/place/?q=place_id:ChIJ1QZ3zzmVTTcRQaLcj57uJ6g,part_372,2026-09-20 20:35:39,58473
Siddharth College,Junior College and Degree College,Private educational institution,Private educational institution,796772,North Eastern Circle,North Eastern Region,Mizoram Division,Kamalanagar S.O (Lawngtlai),N/A,N/A,,,"JJ9G+7FC, Aratinagar, Kamalanagar II, Kamalanagar, Mizoram 796770","Aratinagar, Kamalanagar II",22.6181901,92.6261419,ChIJGUGMTvFNTTcRe6UJ92mo7lU,https://www.google.com/maps/place/?q=place_id:ChIJGUGMTvFNTTcRe6UJ92mo7lU,part_372,2026-09-20 20:35:39,58474
Ramanuj Gupta Degree College,Junior College and Degree College,College,College,796772,North Eastern Circle,North Eastern Region,Mizoram Division,Kamalanagar S.O (Lawngtlai),+91 3842 267 096,https://www.rgdc.ac.in/,3.7,468.0,"near Ramanuj Gupta Jr. College, Ambicapatty, Silchar, Assam 788004",Ambicapatty,24.8193462,92.7946094,ChIJnV8wJGZKTjcRNw1hMOuuijk,https://www.google.com/maps/place/?q=place_id:ChIJnV8wJGZKTjcRNw1hMOuuijk,part_372,2026-09-20 20:35:39,58475
Horticulture College Junction,Junior College and Degree College,Housing complex,Housing complex,796772,North Eastern Circle,North Eastern Region,Mizoram Division,Kamalanagar S.O (Lawngtlai),N/A,N/A,4.3,3.0,"7QX6+QQ7, Thenzawl, Mizoram 796186",796772,23.2994183,92.76193029999999,ChIJHVAeOpF1TTcRfejPlOhwhi0,https://www.google.com/maps/place/?q=place_id:ChIJHVAeOpF1TTcRfejPlOhwhi0,part_372,2026-09-20 20:35:39,58476
Govt Zirtiri Girl College,Junior College and Degree College,College,College,796891,North Eastern Circle,North Eastern Region,Mizoram Division,"Lawngtlai S.O, Balhlakawn B.O, Bungtlang 'S' B.O",N/A,N/A,4.7,6.0,"QP9Q+RQM, Durtlang Leitan, Aizawl, Mizoram 796015",Durtlang Leitan,23.7695953,92.7394142,ChIJSXrsOeLqTTcRoluIQsY0HQI,https://www.google.com/maps/place/?q=place_id:ChIJSXrsOeLqTTcRoluIQsY0HQI,part_372,2026-09-20 20:36:48,60581
"Kohima College, Kohima",Junior College and Degree College,Government college,Government college,797001,North Eastern Circle,North Eastern Region,Nagaland Division,Kohima H.O,+91 94360 10148,https://www.kohimacollege.ac.in/,4.2,248.0,"M4Q5+X7H, Billy Graham Rd, Kohima, Nagaland 797001",797001,25.689935799999997,94.108243,ChIJl1Qt4YIhRjcRWUxafJstxuM,https://www.google.com/maps/place/?q=place_id:ChIJl1Qt4YIhRjcRWUxafJstxuM,part_372,2026-09-20 20:37:52,63679
"Baptist College, Kohima",Junior College and Degree College,College,College,797001,North Eastern Circle,North Eastern Region,Nagaland Division,Kohima H.O,+91 370 229 0389,https://www.baptistcollege.in/,4.1,202.0,"M4G6+M92, Mission Compound, Kohima, Nagaland 797001",Mission Compound,25.676648,94.1108787,ChIJc1yeRXUhRjcRG3Z7q-juDNI,https://www.google.com/maps/place/?q=place_id:ChIJc1yeRXUhRjcRG3Z7q-juDNI,part_372,2026-09-20 20:37:52,63680
Capital College of Higher Education,Junior College and Degree College,College,"College, University",797001,North Eastern Circle,North Eastern Region,Nagaland Division,Kohima H.O,+91 89744 59225,https://capitalcollege.edu.in/,3.7,28.0,"M35X+88R, P.R. Hill, Kohima, Nagaland 797120",P.R. Hill,25.6583555,94.0982605,ChIJYYxWL7IhRjcRDm-W0mOLsM8,https://www.google.com/maps/place/?q=place_id:ChIJYYxWL7IhRjcRDm-W0mOLsM8,part_372,2026-09-20 20:37:52,63681
Don Bosco College,Junior College and Degree College,College,College,797001,North Eastern Circle,North Eastern Region,Nagaland Division,Kohima H.O,+91 94362 83185,http://www.dbckohima.ac.in/,4.3,,"CL 665 (S), Ziekezou, Kohima - Meluri Rd, Kohima, Nagaland 797003",797001,25.6845078,94.1158356,ChIJf2_F0nYhRjcRvHpCuiY9cDE,https://www.google.com/maps/place/?q=place_id:ChIJf2_F0nYhRjcRvHpCuiY9cDE,part_372,2026-09-20 20:37:52,63682
St Joseph's College Jakhama (Autonomous),Junior College and Degree College,College,College,797001,North Eastern Circle,North Eastern Region,Nagaland Division,Kohima H.O,+91 370 223 1009,http://stjosephjakhama.ac.in/,4.4,,"H4JC+9M9, road, Zakhama, Nagaland 797006",797001,25.5809189,94.12171909999999,ChIJ62VTokeeSDcRFAHlFyLFoNE,https://www.google.com/maps/place/?q=place_id:ChIJ62VTokeeSDcRFAHlFyLFoNE,part_372,2026-09-20 20:37:52,63683
State College of Teacher Education,Junior College and Degree College,College,College,797001,North Eastern Circle,North Eastern Region,Nagaland Division,Kohima H.O,+91 370 226 0290,http://www.sctek.online/,4.2,,"M3RX+W9V, Government High School Area, Kohima, Nagaland 797001",High School Colony,25.6923715,94.09840969999999,ChIJUVVVFYkhRjcRy1kNA7muUbw,https://www.google.com/maps/place/?q=place_id:ChIJUVVVFYkhRjcRy1kNA7muUbw,part_372,2026-09-20 20:37:52,63684
"Don Bosco College, Diphu",Junior College and Degree College,College,College,797001,North Eastern Circle,North Eastern Region,Nagaland Division,Kohima H.O,+91 86383 82929,http://dbcdiphu.edu.in/Mahindra,4.2,,"7th Mile, Diphu-Manja Road, Assam 782460",797001,25.9244675,93.4504607,ChIJ5yPOPmzrRTcRggGSJr9CoT4,https://www.google.com/maps/place/?q=place_id:ChIJ5yPOPmzrRTcRggGSJr9CoT4,part_372,2026-09-20 20:37:52,63685
Sazolie College,Junior College and Degree College,College,College,797001,North Eastern Circle,North Eastern Region,Nagaland Division,Kohima H.O,+91 370 222 7047,https://sazoliecollege.in/,4.4,,"M35H+W79, Kohima Science College Rd, Kohima Vill, Nagaland 797002",797001,25.659775699999997,94.0782387,ChIJ8_Wk-tEhRjcRPFjeu3I5Bvg,https://www.google.com/maps/place/?q=place_id:ChIJ8_Wk-tEhRjcRPFjeu3I5Bvg,part_372,2026-09-20 20:37:52,63686
Mount Olive College,Junior College and Degree College,College,College,797001,North Eastern Circle,North Eastern Region,Nagaland Division,Kohima H.O,+91 370 229 0271,https://www.mtolivecollege.in/,4.2,,"Mount Olive Building, Daklane, Daklane Colony, Kohima, Nagaland 797001","Daklane, Daklane Colony",25.6734117,94.10637849999999,ChIJwe07nqEhRjcRYelK5VBwUxA,https://www.google.com/maps/place/?q=place_id:ChIJwe07nqEhRjcRYelK5VBwUxA,part_372,2026-09-20 20:37:53,63687
Kohima Science College,Junior College and Degree College,College,"College, Government college",797001,North Eastern Circle,North Eastern Region,Nagaland Division,Kohima H.O,+91 370 222 7026,https://www.kscj.ac.in/,4.4,,"Kohima Science College, Jotsoma, Nagaland 797002",797001,25.6657321,94.07545069999999,ChIJ5YiJBNohRjcRZ2Jx9Bf58fs,https://www.google.com/maps/place/?q=place_id:ChIJ5YiJBNohRjcRZ2Jx9Bf58fs,part_372,2026-09-20 20:37:53,63688
Alder College Kohima,Junior College and Degree College,Private College,Private College,797001,North Eastern Circle,North Eastern Region,Nagaland Division,Kohima H.O,+91 81328 05402,http://aldercollege.com/,4.3,,"Alder college, Kohima, Nagaland 797001",797001,25.6821236,94.1013926,ChIJ7Trk9JkhRjcRFhiQutiEZRw,https://www.google.com/maps/place/?q=place_id:ChIJ7Trk9JkhRjcRFhiQutiEZRw,part_372,2026-09-20 20:37:53,63689
"Model Christian College, Kohima",Junior College and Degree College,Christian college,"Christian college, University",797001,North Eastern Circle,North Eastern Region,Nagaland Division,Kohima H.O,+91 94028 31942,https://modelchristiancollege.org/,4.0,82.0,"M457+G35, A.G. Colony, Kohima, Nagaland 797001",A.G. Colony,25.6587551,94.1127424,ChIJI-L9OgchRjcR0ylUOqh_UeQ,https://www.google.com/maps/place/?q=place_id:ChIJI-L9OgchRjcR0ylUOqh_UeQ,part_372,2026-09-20 20:37:53,63690
KOHIMA BIBLE COLLEGE,Junior College and Degree College,Educational institution,Educational institution,797001,North Eastern Circle,North Eastern Region,Nagaland Division,Kohima H.O,N/A,N/A,4.3,,"14b, High School Colony Rd, High School Colony, Kohima, Nagaland 797001",High School Colony,25.6972609,94.0994286,ChIJK9_0YoghRjcRGn7_nt8Xx4c,https://www.google.com/maps/place/?q=place_id:ChIJK9_0YoghRjcRGn7_nt8Xx4c,part_372,2026-09-20 20:37:53,63691
Kohima Law College,Junior College and Degree College,Law College,Law College,797001,North Eastern Circle,North Eastern Region,Nagaland Division,Kohima H.O,N/A,https://kohimalawcollege.in/,4.3,,"M462+X7P, Kohima, Nagaland 797001",797001,25.6624694,94.1007099,ChIJMU-C2q8hRjcRkewBT6PsoQM,https://www.google.com/maps/place/?q=place_id:ChIJMU-C2q8hRjcRkewBT6PsoQM,part_372,2026-09-20 20:37:53,63692
Near Kohima college,Junior College and Degree College,Housing complex,Housing complex,797001,North Eastern Circle,North Eastern Region,Nagaland Division,Kohima H.O,N/A,N/A,,,"M4V4+8QC, Billy Graham Rd, Kohima, Nagaland 797001",797001,25.693303099999998,94.10688139999999,ChIJSRUVncchRjcRlWu2mGgl_4I,https://www.google.com/maps/place/?q=place_id:ChIJSRUVncchRjcRlWu2mGgl_4I,part_372,2026-09-20 20:37:53,63693
"Modern College, Piphema",Junior College and Degree College,College,College,797001,North Eastern Circle,North Eastern Region,Nagaland Division,Kohima H.O,+91 87988 77875,http://moderncollege.edu.in/,4.8,,"Modern College, Piphema New, Nagaland 797106",797001,25.7348461,93.986127,ChIJHUYc2k8bRjcRinTXmRohwKY,https://www.google.com/maps/place/?q=place_id:ChIJHUYc2k8bRjcRinTXmRohwKY,part_372,2026-09-20 20:37:53,63694
